65	543
41	99
27	37
31	34
44	92
13	24
58	78
5	9
40	68
13	25
33	48
12	27
15	57
24	62
14	34
19	27
11	26
17	28
36	74
14	19
30	47
7	12
29	33
40	61
17	62
15	43
88	94
21	24
36	63
17	27
65	117
17	28
36	67
50	120
13	36
37	42
31	47
24	67
22	31
81	163
110	197
22	60
33	54
21	26
38	48
56	93
13	29
53	55
20	22
24	49
4	10
20	84
34	111
45	128
69	84
58	78
10	26
22	35
7	24
14	31
38	49
73	160
29	130
19	30
11	14
68	120
30	33
66	147
4	11
20	56
58	77
16	18
6	8
15	26
9	14
72	80
11	14
22	52
20	33
97	102
3	5
24	47
64	88
10	28
17	22
87	99
59	102
37	55
19	39
95	97
17	61
17	50
54	104
49	51
10	12
39	50
35	40
48	73
29	55
9	17
18	33
78	234
13	16
34	69
11	28
40	45
70	97
93	420
13	35
13	23
107	135
18	24
21	52
107	364
40	75
77	135
7	17
27	42
66	68
29	45
33	140
18	47
13	29
10	29
52	64
18	20
11	25
31	48
33	38
10	12
10	18
23	57
16	29
30	112
23	42
25	49
32	49
40	62
10	29
20	47
13	17
36	103
25	68
34	69
31	48
36	138
62	95
46	90
30	85
11	15
14	40
29	33
9	16
50	156
43	66
31	50
17	38
16	38
40	90
11	36
27	52
8	17
10	22
20	25
65	100
5	13
53	68
27	36
10	24
70	145
5	14
40	56
20	39
23	50
65	107
28	202
21	39
68	82
107	341
27	81
49	59
29	35
10	12
27	30
12	37
15	24
5	11
21	38
30	47
19	31
23	28
9	16
17	19
63	89
19	27
10	14
15	19
9	35
38	51
30	60
28	33
6	9
12	41
10	15
70	135
11	16
29	38
29	36
9	15
12	16
16	18
85	91
35	72
33	70
16	22
25	99
16	18
35	125
28	121
25	75
68	141
17	20
13	15
14	23
19	25
33	45
28	93
3	6
31	47
8	20
34	90
21	58
42	124
74	93
44	127
15	41
47	67
16	19
16	20
4	6
30	69
21	37
5	9
17	20
7	10
62	81
21	32
62	99
49	125
17	23
12	29
16	22
72	585
22	34
13	19
19	26
42	45
14	35
12	15
13	26
32	63
11	25
33	82
44	81
13	39
43	108
14	29
33	35
47	174
50	78
22	70
22	26
4	12
15	21
8	11
39	97
65	67
15	31
20	48
25	51
28	67
76	87
11	13
35	85
27	41
9	13
81	107
40	157
13	16
53	57
19	21
15	30
20	45
48	106
18	33
20	42
52	54
15	22
27	34
44	62
31	41
18	20
50	58
10	47
24	47
5	13
31	52
51	151
70	105
28	45
6	16
10	14
37	48
55	166
82	106
10	71
18	23
52	76
31	64
83	87
39	65
32	99
12	14
49	80
39	95
8	17
19	34
35	56
76	78
28	65
19	89
15	33
14	22
13	19
24	73
25	27
68	85
9	13
35	106
27	36
87	232
22	67
66	79
19	33
87	125
58	68
35	121
12	19
33	126
24	38
24	42
11	14
24	26
47	60
30	68
30	50
28	72
26	57
24	35
21	30
15	17
19	21
19	40
14	44
18	39
27	39
24	27
23	32
16	49
40	77
57	169
108	110
29	31
75	156
14	27
56	78
59	62
21	44
25	42
73	102
16	22
27	32
15	23
55	132
27	138
107	172
20	24
68	107
15	27
64	212
44	46
11	23
52	66
24	28
11	15
58	73
22	24
21	33
75	77
7	14
25	27
24	42
29	51
23	62
14	32
32	34
13	34
31	72
63	76
21	23
33	45
7	17
56	151
22	24
52	146
27	32
51	162
29	43
67	69
7	13
45	132
24	45
36	43
70	145
16	31
15	42
114	400
8	10
12	22
16	34
28	49
24	30
38	56
40	184
20	22
29	62
75	81
29	113
63	65
47	73
51	118
31	40
7	11
14	45
15	29
7	15
31	73
74	226
64	78
52	85
29	123
19	32
65	73
13	26
11	17
25	32
34	36
17	47
26	52
12	23
54	80
9	17
72	86
14	53
35	43
72	87
16	19
40	42
5	11
38	95
26	42
54	114
35	56
29	133
17	29
16	33
16	21
17	64
28	57
15	26
34	37
52	194
80	82
21	30
25	57
39	67
73	105
13	24
25	96
88	210
28	113
50	139
18	41
18	20
10	26
19	56
10	39
73	89
29	112
24	37
19	62
81	434
11	43
12	18
66	196
17	249
25	58
22	31
29	67
31	52
34	116
42	61
15	22
149	232
30	56
59	61
62	77
45	138
16	71
98	105
14	47
18	20
21	38
41	45
10	18
26	31
52	68
4	11
18	33
35	38
8	26
21	41
95	185
12	15
29	88
14	17
18	24
45	96
60	158
23	25
34	120
7	15
17	44
24	80
85	264
16	28
40	73
6	8
142	715
34	36
12	22
48	75
22	40
20	23
57	125
23	42
49	148
25	87
49	70
55	101
60	67
10	17
35	41
37	58
31	49
13	19
50	68
21	30
29	79
19	29
13	43
13	15
53	85
8	28
135	407
69	72
34	45
30	49
13	28
44	104
8	18
53	76
12	19
89	238
16	32
44	47
11	21
52	167
15	20
15	29
89	97
20	23
17	19
44	145
14	37
71	76
28	48
9	30
18	21
20	67
91	95
3	9
41	144
37	131
31	40
48	77
9	250
51	74
37	51
30	49
26	30
36	163
20	55
32	85
52	99
6	9
20	22
14	19
23	48
49	109
47	156
28	57
12	23
86	118
47	179
14	16
73	112
40	73
35	74
33	54
32	34
27	39
49	51
46	58
23	25
113	115
33	76
27	40
18	32
36	75
57	96
23	26
10	20
48	173
14	81
28	34
52	138
28	34
109	203
7	16
74	96
24	53
40	44
18	36
6	16
18	33
85	113
41	83
16	34
26	30
16	38
52	88
81	175
47	105
15	30
16	44
12	15
19	35
15	35
9	40
17	38
8	14
5	10
48	50
21	40
3	6
9	11
12	24
9	20
33	49
67	94
63	96
10	25
97	119
35	38
25	40
27	109
15	18
6	15
63	163
20	41
19	40
71	94
57	66
22	64
31	99
38	59
28	45
12	20
39	64
54	132
12	28
9	14
11	23
17	24
23	93
26	42
69	75
23	29
49	93
41	118
57	104
52	78
60	72
31	51
65	120
18	20
23	80
45	53
15	19
52	82
13	22
20	32
11	13
8	10
8	10
76	151
66	72
33	104
7	21
52	58
43	95
17	40
17	27
40	60
5	9
29	70
78	92
15	19
13	15
62	112
130	177
11	24
14	25
16	18
20	43
57	132
32	34
16	23
18	63
5	7
68	121
20	30
47	58
30	52
30	32
13	20
94	306
24	49
53	308
27	39
17	30
64	88
7	16
62	219
34	56
25	28
48	53
14	25
25	39
12	14
18	30
15	20
68	192
35	51
16	21
6	17
16	51
26	68
9	24
114	327
32	34
48	50
30	32
10	17
25	27
29	52
19	46
17	24
9	25
39	163
30	37
36	45
21	23
9	11
17	77
20	34
13	39
24	142
10	20
21	30
55	68
35	37
12	24
44	62
9	11
27	51
33	47
22	51
10	39
16	38
69	72
34	81
75	112
25	77
23	29
40	54
68	152
37	104
100	185
14	22
20	57
38	50
85	209
9	23
37	76
32	84
44	82
16	18
42	121
22	42
22	38
10	12
12	14
77	168
66	114
7	23
14	41
4	7
12	21
27	38
22	60
9	28
37	41
25	83
50	92
71	79
63	83
11	25
14	26
12	27
21	24
30	33
61	82
22	44
8	10
43	60
13	28
69	96
20	56
13	23
50	78
37	44
9	13
31	63
62	64
34	119
25	61
54	109
57	71
35	43
24	27
18	54
20	26
11	15
44	48
75	77
18	29
11	15
77	79
18	30
16	38
9	17
22	49
15	17
34	51
81	87
32	46
50	52
45	47
61	63
32	70
28	33
11	18
57	72
39	53
6	15
10	25
44	111
8	18
53	59
4	6
50	80
45	54
103	105
53	104
73	158
11	38
30	47
9	19
41	100
66	78
23	25
16	49
58	142
15	20
10	15
12	33
10	19
27	36
40	72
49	83
3	5
17	35
36	78
18	20
33	49
143	507
25	29
11	14
12	18
16	75
86	137
29	80
28	34
40	77
23	35
70	76
30	45
47	61
12	34
42	66
11	21
9	22
28	37
27	34
17	37
26	29
6	11
17	28
9	22
29	32
30	33
20	25
19	24
11	22
25	45
84	211
23	25
5	10
35	123
16	35
19	21
43	45
48	84
51	54
14	39
10	32
6	15
32	35
35	51
33	46
63	99
88	208
28	40
50	52
10	22
82	87
35	51
42	44
30	34
74	290
24	47
31	43
96	100
38	40
24	56
39	43
42	54
20	52
43	63
14	16
35	84
14	27
10	26
106	129
5	9
36	45
67	98
48	66
20	22
19	37
15	42
36	55
10	27
24	238
25	257
23	29
5	13
20	70
45	71
37	100
24	64
11	27
19	52
18	20
47	124
36	61
66	122
16	56
64	74
85	139
46	87
24	33
10	33
30	54
44	74
17	42
75	87
17	29
26	39
5	7
84	118
102	104
8	22
17	35
58	87
42	73
14	34
11	13
31	46
6	11
28	49
18	37
116	428
7	14
6	14
9	17
48	109
42	74
48	62
75	114
37	47
22	50
35	67
24	26
4	7
49	94
18	40
16	18
18	24
4	10
32	42
48	67
44	57
48	71
29	37
9	11
48	81
14	37
15	37
10	26
10	19
25	33
9	11
17	35
9	28
45	162
39	66
45	334
11	17
24	41
45	106
7	16
10	16
26	35
22	40
26	44
11	25
34	82
7	10
19	87
18	23
18	29
15	23
89	233
40	180
14	22
36	56
21	24
52	68
88	164
48	54
4	7
23	44
16	18
70	78
11	14
32	58
60	101
18	21
73	108
27	32
6	13
29	42
34	68
17	43
57	67
7	11
50	78
31	39
46	113
88	107
93	323
16	22
28	40
100	231
13	29
49	81
40	81
17	34
63	196
36	62
50	52
41	66
38	49
19	89
14	21
49	51
90	237
16	18
43	101
12	30
12	19
28	97
14	39
5	17
9	23
40	123
25	27
2	4
11	25
19	45
7	10
10	22
51	60
111	170
16	34
17	70
110	112
10	13
9	18
13	41
33	55
30	40
30	106
36	67
14	17
17	23
4	6
15	23
25	56
40	63
12	19
17	63
87	162
13	22
36	75
14	16
44	71
13	15
30	33
11	15
54	89
60	100
13	40
20	27
8	22
14	16
21	46
27	61
18	24
21	45
23	50
40	116
9	30
33	54
8	23
16	45
25	34
10	25
11	23
19	60
27	81
38	43
12	34
12	15
27	37
22	39
9	18
20	27
56	124
14	33
19	45
32	44
52	94
27	57
69	71
41	143
15	40
39	80
84	234
27	61
66	201
12	54
16	20
38	88
18	37
33	64
9	16
21	32
12	29
17	29
29	50
17	53
33	44
44	58
16	22
27	92
12	33
40	66
8	13
34	55
27	32
15	28
53	86
15	22
25	73
20	37
9	15
13	16
26	40
36	59
18	35
29	77
15	18
29	189
12	32
27	52
37	79
24	26
13	22
28	54
55	167
26	47
21	33
25	37
22	67
11	23
14	27
30	45
25	39
20	36
79	357
44	68
24	39
6	17
14	27
42	163
25	37
24	43
21	29
30	109
58	100
23	27
60	118
12	16
17	30
28	68
107	265
29	45
49	115
6	22
25	27
121	205
32	57
10	16
40	94
92	109
46	56
7	11
52	102
4	8
18	20
34	36
21	33
49	67
19	29
6	14
11	15
5	12
16	18
26	75
59	61
16	18
8	10
24	28
9	14
12	15
46	80
61	129
17	20
25	31
19	135
28	30
14	27
74	76
65	96
21	34
45	80
23	25
142	216
50	90
91	231
5	9
11	18
15	28
34	80
2	5
24	94
20	53
38	56
50	65
7	18
20	41
21	37
9	19
34	51
27	120
50	89
49	61
38	228
48	60
30	40
13	15
20	74
67	164
29	54
38	44
27	36
29	77
73	205
9	17
19	92
85	87
22	34
14	29
20	50
39	89
27	29
4	6
36	52
12	39
22	33
63	102
13	15
7	11
34	42
72	88
23	30
48	133
29	33
54	264
67	131
20	32
55	102
36	51
34	37
7	14
45	94
32	106
9	12
12	22
36	104
9	11
10	33
42	46
16	22
13	26
15	30
19	25
75	98
5	7
46	72
40	44
30	47
14	33
101	131
126	507
10	12
59	82
6	12
30	38
64	81
18	58
28	39
25	33
9	15
115	394
29	87
10	17
23	64
9	18
16	48
26	28
19	22
7	21
7	19
25	39
46	190
18	53
23	44
29	38
4	9
22	31
9	19
44	93
35	57
9	19
71	93
51	70
28	41
11	21
43	59
76	82
13	28
30	33
33	54
12	50
19	31
11	18
60	143
49	88
30	52
16	42
18	50
29	31
37	53
29	39
16	37
20	23
16	18
23	48
12	30
24	26
36	59
18	34
11	14
28	50
36	44
14	35
35	61
24	47
32	43
64	93
35	53
88	179
6	8
34	46
6	11
81	117
61	193
105	134
57	133
17	26
3	5
44	55
23	63
8	12
15	102
4	8
15	37
3	12
13	15
18	39
24	187
27	30
26	43
24	30
17	27
15	41
80	132
18	34
77	81
17	32
19	64
24	32
82	179
42	94
61	104
83	150
28	102
18	87
51	79
30	63
76	88
29	51
54	82
13	23
35	51
20	36
21	34
25	63
41	44
12	19
8	19
16	18
36	98
63	107
56	175
15	17
42	70
114	254
9	11
24	29
18	61
45	77
11	13
138	322
76	80
70	142
18	36
30	67
112	154
12	42
62	111
37	39
19	38
30	40
39	128
43	65
45	109
9	17
45	77
33	46
20	69
14	18
20	28
95	171
29	87
42	44
25	50
74	177
30	97
16	23
26	63
20	28
39	60
14	17
49	65
16	36
20	34
41	82
33	73
16	18
28	36
19	22
29	46
27	29
21	85
21	32
32	131
57	117
16	26
58	88
85	98
27	67
9	24
29	39
68	88
35	46
8	13
33	35
54	65
23	46
6	12
20	50
51	82
27	98
25	35
41	43
16	42
28	49
7	11
26	113
11	27
18	30
63	131
67	96
7	20
13	15
57	68
7	9
24	46
24	62
13	34
5	11
37	54
13	15
51	60
39	66
27	34
18	20
17	24
40	63
13	15
68	185
81	187
37	53
18	24
19	23
25	90
37	90
60	70
28	103
14	24
16	29
78	111
18	47
5	11
11	38
11	31
30	138
34	46
102	129
36	67
17	46
31	49
22	25
53	85
22	43
13	90
11	41
31	35
26	70
42	48
50	86
17	23
46	160
24	41
12	19
13	33
68	74
29	54
82	469
25	66
6	22
28	247
15	17
38	41
16	39
12	22
27	44
24	26
22	39
28	30
23	49
11	42
31	42
42	92
14	17
95	131
67	126
56	83
6	10
28	53
43	86
12	14
9	18
7	10
19	25
49	128
66	84
21	35
67	78
31	48
12	15
31	85
31	69
55	57
31	171
19	40
22	43
19	34
56	71
9	22
23	71
20	42
18	27
6	10
3	6
44	160
10	43
18	85
26	46
31	68
53	68
114	324
17	20
14	16
20	36
28	43
36	60
34	57
20	40
21	33
11	31
18	78
18	24
106	152
10	32
11	32
18	22
71	100
90	92
39	48
69	85
23	46
10	17
20	64
21	65
23	34
61	126
54	85
78	105
16	34
43	68
62	104
12	30
48	81
12	17
22	35
40	112
27	41
27	32
37	79
18	27
56	84
30	32
28	67
72	75
31	64
7	12
5	7
11	21
14	28
80	142
15	24
77	102
34	50
24	40
33	48
67	199
15	33
16	23
13	22
111	221
40	78
27	29
96	99
49	65
25	57
39	57
45	58
59	68
10	27
19	61
87	140
14	33
12	29
40	49
34	67
40	42
18	21
17	21
6	9
63	98
23	25
18	28
40	87
12	14
94	104
6	10
24	43
10	27
14	35
31	89
2	6
52	57
15	28
47	132
7	10
29	42
16	19
54	79
14	25
24	77
31	69
52	104
54	90
27	29
14	23
27	62
18	36
5	7
21	35
71	76
24	40
91	98
9	19
29	52
27	54
19	43
7	17
20	26
35	37
12	19
36	76
35	138
42	44
26	29
23	35
20	43
70	139
29	42
21	77
43	71
20	28
4	10
18	23
37	42
69	79
22	24
8	13
21	37
14	26
28	31
22	44
16	65
20	27
22	53
101	181
14	34
31	33
11	26
48	53
7	11
90	145
58	93
8	22
53	170
15	17
40	135
19	78
15	33
10	16
14	17
115	233
20	47
5	9
13	31
21	36
76	180
14	32
46	61
24	40
58	109
8	23
16	42
24	81
47	61
36	62
23	84
10	20
7	26
18	42
34	51
44	56
20	28
69	159
47	69
9	11
10	12
24	87
35	63
37	95
21	26
14	25
73	179
97	99
10	20
20	64
12	21
12	31
26	44
53	88
65	156
14	24
39	58
7	11
87	141
11	16
9	28
24	26
61	268
38	57
32	47
67	160
59	167
25	42
34	143
10	15
16	23
34	211
30	32
32	114
22	55
45	100
30	37
22	39
35	89
38	41
19	36
22	42
25	53
26	65
57	75
13	18
11	14
5	9
10	24
24	40
37	62
71	80
13	36
20	22
86	96
54	56
12	29
7	9
71	108
23	25
18	60
14	22
59	87
23	38
18	25
18	20
54	88
36	65
40	75
9	13
15	35
10	31
101	266
88	163
39	57
15	21
15	26
25	98
19	31
4	7
10	28
18	25
7	18
17	48
38	64
36	48
47	49
16	31
97	238
18	28
19	42
57	146
61	82
13	20
11	24
50	101
12	21
22	44
11	16
22	36
13	25
30	73
31	38
46	56
50	86
40	566
14	24
25	29
22	25
28	67
13	33
13	19
7	13
9	13
44	68
17	78
93	138
19	36
50	52
83	90
10	12
19	40
45	86
79	105
19	24
28	30
20	39
28	51
44	46
11	25
21	31
66	128
53	178
14	57
35	37
53	75
7	17
30	107
14	33
7	19
19	70
15	43
28	71
31	36
9	17
25	36
17	39
24	30
8	20
58	65
12	24
32	61
64	74
13	32
25	31
54	63
10	19
1	5
8	11
24	36
48	86
17	38
15	28
28	50
14	16
29	111
36	93
39	76
19	36
18	26
70	139
23	42
19	45
19	42
52	125
12	23
43	73
18	32
7	11
34	62
15	17
24	39
11	21
76	121
10	15
17	45
18	36
70	92
5	20
20	28
41	62
40	66
45	55
55	95
8	20
39	48
8	26
21	28
34	44
24	48
7	25
54	56
11	30
54	83
11	13
10	20
46	94
7	19
52	54
20	33
78	80
38	46
28	32
15	30
5	11
7	18
21	31
35	173
12	15
40	66
6	22
18	20
15	77
57	68
21	28
7	13
15	25
73	108
41	90
33	88
6	15
31	52
52	103
57	114
21	45
102	297
21	33
3	7
75	85
38	41
15	22
14	16
50	75
15	36
43	70
42	46
9	15
7	11
32	38
8	16
22	28
42	73
34	73
13	51
50	52
7	13
19	73
30	32
17	22
10	22
104	296
27	29
31	178
29	86
55	57
17	27
19	22
134	216
11	27
23	41
13	67
22	100
69	144
76	78
13	28
24	100
12	26
44	55
66	214
22	65
1	5
24	28
17	57
9	25
11	21
34	55
34	87
44	46
75	163
31	83
22	24
30	53
18	40
19	80
59	82
13	45
47	215
28	44
9	25
14	42
6	28
20	22
27	93
32	101
31	64
52	138
26	42
7	16
31	84
5	9
13	15
47	78
19	64
29	65
30	32
54	73
38	48
62	67
66	147
61	101
18	77
16	42
12	19
81	205
20	28
30	54
52	113
24	53
27	29
46	84
40	42
10	22
91	178
15	44
41	104
18	24
9	11
64	71
57	90
16	42
30	57
75	166
10	12
20	34
8	24
28	30
76	78
34	49
53	55
13	15
8	16
22	24
10	19
28	58
73	83
14	25
23	27
23	42
8	10
33	66
58	125
26	40
19	24
39	49
15	55
14	21
54	89
25	69
64	159
7	17
34	93
27	41
19	28
12	33
48	100
23	52
20	40
40	75
28	31
32	39
22	28
20	37
23	53
45	70
9	20
12	17
24	50
22	45
39	41
5	18
63	90
35	38
12	16
15	40
15	38
9	20
11	29
23	41
10	20
15	18
23	60
80	191
53	242
17	33
41	60
31	53
12	14
23	25
11	14
66	115
29	38
67	124
24	59
17	33
79	205
62	105
15	17
51	158
43	50
29	36
70	263
61	116
28	36
21	53
20	33
18	26
34	86
21	49
27	33
19	21
19	54
72	83
22	46
13	19
60	73
38	151
80	265
30	52
22	49
9	26
31	39
14	16
23	42
40	150
25	33
16	24
19	42
96	118
23	39
29	41
29	50
7	18
45	114
60	72
11	30
55	86
8	25
78	80
61	78
38	116
54	64
53	55
5	8
12	16
95	106
17	77
5	14
62	77
87	499
22	37
14	35
14	39
17	21
49	55
12	33
14	25
25	45
11	17
17	26
44	57
10	16
32	40
9	19
5	18
22	26
26	28
64	100
27	37
26	39
12	30
46	56
13	27
33	46
1	3
26	48
28	61
27	73
60	103
13	17
56	161
77	98
18	41
20	31
29	51
30	32
15	32
39	62
18	48
7	16
15	30
30	37
45	87
3	5
22	60
10	25
41	87
99	162
21	33
29	40
18	28
45	55
22	53
15	122
59	106
12	42
49	110
73	83
11	13
14	28
49	109
57	77
33	44
24	43
24	37
17	29
14	39
16	18
11	22
28	93
16	18
67	186
67	81
29	31
26	46
27	47
23	25
16	33
78	86
47	105
6	18
87	119
9	20
19	43
28	72
76	290
7	25
12	28
42	64
9	19
31	47
34	75
12	14
21	72
6	11
22	202
50	79
20	55
32	55
14	17
29	76
66	120
14	31
70	80
18	27
21	44
5	11
32	43
46	53
9	16
59	164
8	19
38	41
17	19
22	39
29	74
18	25
34	103
34	85
28	54
27	38
14	23
31	62
7	14
8	12
27	52
39	49
27	71
29	64
15	27
32	34
11	34
7	13
37	183
20	40
16	19
58	116
19	23
30	103
35	54
78	99
71	73
36	68
24	106
23	60
29	37
38	76
14	28
30	38
23	46
21	41
37	58
10	16
34	54
22	24
15	19
13	17
18	58
24	52
29	45
44	140
18	44
41	85
20	25
17	33
58	159
14	23
41	46
8	12
48	376
17	26
13	42
36	59
14	27
15	40
7	15
57	93
12	28
41	43
12	33
82	87
21	38
11	17
27	29
29	59
29	44
8	18
16	42
27	67
67	103
26	57
24	89
29	54
15	23
2	4
12	34
16	21
61	118
19	56
26	63
24	39
64	84
10	20
44	70
5	10
15	28
44	64
34	45
33	84
35	37
10	13
26	52
48	50
89	222
57	117
37	42
9	20
19	22
9	25
13	43
55	118
29	35
8	18
21	23
31	100
20	58
74	91
29	40
10	23
29	46
58	65
89	135
41	127
64	117
58	113
42	44
14	17
26	42
41	51
10	30
37	79
81	141
30	139
55	93
54	129
7	17
57	105
19	43
16	39
12	16
31	49
42	44
27	38
23	29
29	49
5	11
16	91
11	26
28	53
12	16
36	48
23	54
53	65
29	49
39	50
59	75
16	44
33	57
5	13
27	30
39	48
9	22
116	130
94	106
16	26
7	18
45	114
10	25
17	19
13	40
17	21
7	18
30	64
24	70
11	28
37	48
53	110
35	37
8	22
44	70
17	26
18	23
62	64
17	20
42	56
13	26
53	98
10	19
20	38
86	88
82	158
21	24
10	17
7	18
16	18
24	47
21	23
35	37
12	26
23	43
21	23
85	176
22	76
34	51
12	28
75	77
22	47
32	42
20	66
74	82
6	8
25	31
19	38
85	289
49	97
16	18
20	25
60	181
18	34
12	33
31	33
17	21
69	192
20	46
11	19
28	31
55	109
21	129
8	24
28	76
18	42
23	25
39	47
36	52
23	30
55	57
21	80
20	26
54	67
28	39
31	35
19	50
17	62
28	71
12	22
15	17
21	34
47	59
19	54
14	34
17	56
21	32
4	9
13	21
3	5
83	263
42	78
31	34
12	15
65	225
113	413
20	22
11	18
9	15
25	28
27	48
10	12
86	130
15	44
41	88
24	77
16	25
10	24
40	65
31	82
34	36
10	14
5	10
14	37
42	95
5	8
83	177
18	31
41	61
78	105
73	83
34	44
9	22
14	23
32	34
25	33
11	22
31	47
20	29
71	75
28	31
44	73
24	50
11	30
63	88
20	41
51	55
17	28
13	22
14	32
12	24
13	18
27	34
55	107
40	42
11	42
7	14
46	48
11	22
18	26
63	106
29	43
27	55
14	45
6	13
65	140
9	20
16	28
56	104
12	16
65	79
21	23
123	143
32	48
11	18
23	36
26	61
7	15
27	44
26	63
31	53
24	26
47	70
9	27
40	87
16	21
14	27
13	20
35	53
23	36
30	314
77	117
34	77
15	22
19	77
72	86
7	17
46	78
75	192
38	67
13	36
28	66
61	127
76	78
8	11
16	23
62	102
19	37
75	138
51	53
5	7
22	41
34	45
17	20
12	42
13	28
17	24
25	50
112	169
18	27
56	58
8	23
14	16
32	61
67	186
52	61
38	73
51	92
93	126
12	16
37	42
19	30
127	231
15	22
14	31
25	79
36	55
11	21
12	18
8	14
6	12
106	370
53	72
21	43
8	21
15	24
23	35
13	19
24	33
19	21
12	18
33	96
109	311
38	40
46	56
21	47
12	26
56	58
15	36
16	62
33	54
20	68
29	53
56	76
84	127
50	72
8	10
16	23
38	129
45	96
40	101
40	57
19	32
33	104
11	22
11	16
49	51
34	45
39	75
21	60
30	42
63	65
14	27
26	88
30	48
17	31
11	14
13	27
29	59
14	23
20	47
26	28
31	82
50	82
89	128
120	238
22	50
21	53
31	64
29	53
19	32
56	98
9	25
31	43
14	16
26	72
11	20
43	76
26	46
58	85
70	97
26	47
77	82
16	41
13	58
38	75
64	261
33	96
49	64
33	35
41	98
40	52
25	27
20	47
58	206
21	50
24	40
16	65
114	130
26	68
9	22
103	247
18	90
23	25
55	124
27	33
20	46
12	20
21	23
18	23
7	12
76	87
30	66
33	43
20	22
25	116
42	60
9	28
37	48
44	163
35	66
14	29
16	28
34	36
17	37
14	34
24	77
38	48
6	8
67	87
49	60
41	43
57	85
14	23
72	124
16	55
12	25
34	42
36	52
66	96
139	224
29	44
42	69
7	11
26	60
54	82
10	18
9	23
28	32
13	25
66	129
42	120
9	21
16	58
19	51
44	86
7	10
62	108
49	62
88	158
43	45
25	48
62	88
57	119
28	50
26	35
81	110
15	85
20	24
29	56
16	31
54	78
30	67
34	38
27	46
17	19
17	48
9	23
18	32
45	52
20	36
7	9
29	47
35	101
18	60
49	59
22	26
13	15
24	28
59	163
32	73
14	24
41	114
21	32
15	22
26	79
44	75
20	31
39	98
28	43
14	16
48	108
6	12
11	24
24	57
82	84
23	40
39	74
19	103
57	85
58	80
10	18
18	48
71	100
48	50
25	38
25	93
63	69
14	24
7	9
32	65
109	135
36	55
36	38
66	112
30	81
23	60
10	21
22	24
129	219
44	69
5	7
21	24
16	56
79	85
19	23
89	100
53	57
15	23
18	38
73	126
19	28
24	31
37	50
46	50
69	76
19	45
18	38
68	73
26	32
30	58
55	68
24	47
46	56
17	35
16	19
54	93
38	56
11	22
18	34
43	123
86	142
37	66
7	14
52	177
23	27
12	15
48	86
40	44
19	34
95	320
75	81
58	60
17	20
5	11
29	40
29	96
16	23
14	24
23	76
36	43
22	58
20	49
21	28
6	13
12	46
79	116
13	16
8	26
23	47
17	36
13	38
23	33
40	64
21	43
11	30
26	28
17	32
44	51
55	101
120	186
27	37
32	53
36	66
35	46
14	30
30	76
31	36
30	167
48	51
38	77
11	24
11	15
134	136
27	38
24	66
6	10
41	416
24	27
55	94
30	84
18	60
79	126
6	18
55	94
49	58
94	96
11	18
69	142
34	95
26	36
8	11
76	154
28	45
65	92
56	58
51	80
51	147
14	27
26	51
10	24
25	34
40	122
31	33
27	41
84	89
33	49
9	11
10	14
71	89
36	38
10	37
39	146
48	89
28	30
28	36
17	41
27	62
6	10
61	96
40	71
22	69
10	20
20	42
7	12
32	84
36	48
47	74
49	86
19	32
46	76
23	44
42	68
37	156
69	81
9	19
20	149
44	128
74	80
80	107
14	23
23	36
44	116
76	78
15	38
10	27
19	39
11	45
29	74
8	10
58	82
33	46
24	104
30	49
58	60
103	128
2	4
39	112
18	20
71	116
63	70
6	12
19	54
3	5
31	82
40	116
14	60
49	74
12	16
16	43
11	14
41	79
85	114
20	22
27	30
71	215
38	84
23	28
43	98
20	53
67	106
28	32
80	96
25	34
28	45
22	37
33	50
39	51
8	21
27	32
24	40
14	42
12	30
20	34
24	40
27	51
11	26
14	38
32	47
46	78
12	16
22	54
42	75
17	37
19	37
11	31
27	63
34	81
22	55
59	125
55	76
26	64
47	72
4	6
88	128
22	28
18	41
32	34
63	108
54	71
64	80
7	13
19	33
14	28
10	12
13	18
18	62
78	349
11	25
19	106
17	30
31	79
31	47
14	22
6	10
31	61
6	14
48	82
15	41
12	18
9	30
86	200
24	50
20	45
28	30
7	14
42	81
25	32
59	69
61	178
19	45
8	18
17	31
12	14
21	30
47	90
5	8
30	32
78	152
6	16
29	50
85	232
60	95
80	145
21	62
15	49
17	39
12	31
1	3
57	99
31	42
74	76
45	111
10	22
6	8
3	8
10	25
48	87
50	76
30	80
22	42
20	32
64	77
12	20
87	123
41	61
63	90
46	57
53	95
9	21
9	12
33	46
19	29
17	23
28	32
19	45
59	123
11	29
33	37
66	185
14	23
53	79
10	18
20	39
14	45
23	27
22	60
20	38
21	68
8	12
73	86
12	25
56	58
54	69
48	70
55	76
35	67
15	29
19	54
6	11
11	17
51	74
27	114
7	9
11	16
32	107
9	20
10	17
10	12
19	42
46	61
34	90
22	52
15	59
25	61
10	12
17	31
69	102
12	40
85	87
46	110
51	64
18	27
10	30
19	35
23	86
40	88
8	10
11	17
43	58
92	102
11	16
27	32
10	23
54	144
33	36
37	46
25	47
3	6
17	36
25	72
15	24
70	91
83	115
42	72
17	42
24	39
41	77
10	32
70	72
15	35
10	47
8	21
13	21
25	43
36	75
6	8
66	81
6	14
36	323
37	39
42	64
58	76
46	55
53	121
17	25
26	35
114	168
33	54
3	5
23	58
11	16
20	36
37	93
34	141
27	57
30	39
35	105
33	52
35	56
17	64
4	10
33	98
18	30
24	45
20	31
34	70
19	36
73	77
19	98
17	27
10	15
8	16
8	21
10	26
30	152
35	90
43	64
39	65
9	22
13	15
14	19
17	23
27	48
39	102
73	84
62	97
5	9
71	73
25	58
62	146
33	51
17	23
17	25
46	92
20	25
48	67
12	28
31	33
7	12
31	73
8	11
26	51
22	25
49	62
23	25
21	31
3	5
18	22
44	46
13	26
43	52
33	66
63	100
6	14
6	10
16	24
10	28
19	28
14	32
44	95
15	17
42	56
24	36
15	34
27	32
15	53
11	35
12	14
13	20
2	6
30	62
11	31
38	40
12	28
43	71
15	22
17	32
25	29
15	54
40	45
43	172
9	24
31	47
12	38
5	9
47	89
24	40
11	22
17	33
19	37
18	38
21	58
27	52
23	35
18	27
12	26
140	392
60	137
37	93
19	21
22	43
44	51
27	58
22	42
6	8
39	87
17	23
11	33
26	113
58	119
20	88
36	154
13	30
85	120
49	76
8	17
25	44
68	90
40	46
26	56
47	79
6	17
59	61
10	28
18	20
25	54
33	90
15	40
19	43
17	25
17	56
20	37
84	209
16	67
4	6
19	36
21	36
58	86
38	107
53	187
85	212
17	19
7	18
16	18
38	57
112	215
28	68
17	19
43	48
21	23
20	62
7	15
21	23
55	62
14	19
112	182
24	33
39	83
13	30
21	40
59	61
52	99
20	41
20	26
12	27
10	18
21	71
28	36
18	72
14	16
17	22
22	24
36	46
84	457
16	79
15	17
83	85
26	28
35	164
26	75
30	43
10	24
17	33
37	105
59	331
10	12
13	23
7	11
47	110
15	44
10	23
19	40
53	141
19	45
26	52
10	15
12	16
18	57
39	69
32	197
16	40
45	64
49	51
10	22
13	27
27	35
43	66
20	33
71	235
29	50
15	38
77	123
50	52
23	63
60	129
28	42
11	16
24	28
10	12
64	66
50	62
12	24
40	64
34	45
62	100
34	40
27	37
5	9
12	14
25	29
36	45
29	37
46	119
32	40
16	18
34	38
7	19
19	31
34	71
17	55
40	60
14	33
23	33
26	38
8	21
22	29
66	115
7	16
33	35
15	24
19	33
72	172
8	10
48	109
11	36
23	52
23	54
48	110
25	32
11	14
3	5
26	51
9	18
33	57
48	91
71	73
14	26
11	34
29	37
32	121
35	40
31	53
32	53
15	41
10	12
8	11
17	45
9	20
26	63
41	43
34	42
17	19
17	23
92	118
29	42
8	10
75	149
19	23
47	104
5	14
27	67
17	43
36	115
22	29
15	27
61	88
4	10
6	21
43	249
103	112
78	120
5	9
7	12
10	18
14	41
15	34
44	46
14	77
11	25
12	24
43	73
43	71
45	60
13	30
19	36
21	48
15	23
30	58
69	194
128	217
33	70
19	39
16	18
17	19
42	83
9	11
24	46
72	74
11	17
32	61
27	41
18	20
19	25
14	24
112	189
14	33
14	34
10	12
57	116
7	9
55	65
10	24
15	26
17	107
6	20
11	26
75	81
35	59
10	21
67	242
24	40
35	56
21	48
67	76
81	83
82	108
8	25
57	61
15	17
14	27
96	270
30	87
42	59
8	10
14	19
22	37
7	16
84	113
10	13
12	16
65	195
61	107
16	29
16	47
37	120
38	94
84	184
16	18
13	15
10	21
19	28
14	18
17	23
38	40
81	83
7	26
37	97
50	82
49	64
64	83
74	94
59	65
9	11
15	39
3	6
27	32
12	22
74	84
12	27
50	72
25	103
40	97
73	533
92	165
10	15
27	29
29	31
84	191
54	66
69	135
17	28
42	44
40	109
16	24
39	200
13	31
37	71
15	17
11	19
22	43
80	326
71	144
13	16
50	65
32	42
1	3
53	271
76	92
18	20
15	32
5	14
44	95
70	96
28	48
24	77
17	19
40	50
21	33
17	26
72	74
15	21
107	128
30	32
24	29
74	108
22	67
25	55
44	83
14	52
14	16
71	87
27	29
39	174
11	62
7	13
59	297
14	21
34	59
32	49
20	47
41	53
33	35
11	16
135	176
56	91
28	59
24	53
86	90
31	34
63	91
96	127
21	31
20	28
42	51
16	22
21	110
30	56
91	93
14	27
10	13
7	13
16	23
16	21
42	45
8	15
30	83
23	29
36	38
12	15
53	68
17	29
38	77
32	55
39	50
8	26
17	20
44	120
30	52
6	14
97	346
35	51
52	168
12	21
8	19
12	14
25	28
9	15
3	7
44	60
22	65
23	40
30	52
49	106
48	121
32	44
38	43
42	77
17	41
39	81
51	400
51	55
23	47
6	19
10	27
60	67
71	88
9	19
43	62
19	61
59	200
21	45
56	64
20	42
21	28
20	85
51	157
3	5
20	55
26	42
8	10
17	27
20	75
13	15
40	83
30	83
10	17
47	68
34	49
31	87
44	80
36	74
65	78
38	46
17	19
35	42
67	91
30	41
23	28
55	76
8	25
32	65
5	13
22	34
44	72
11	19
63	104
6	9
59	156
31	55
63	167
34	50
42	44
10	19
76	366
17	33
34	73
16	61
29	70
12	26
28	76
56	78
23	41
25	49
49	52
20	27
74	94
5	12
123	221
13	26
15	24
6	16
10	15
22	27
8	11
14	45
14	21
94	157
25	47
41	52
28	31
14	19
46	118
81	163
18	82
13	22
42	77
86	326
30	83
16	25
33	52
30	37
32	37
27	33
20	25
12	55
56	83
15	17
22	59
16	20
19	80
13	31
35	84
27	37
20	101
40	49
77	127
17	19
12	22
34	36
10	16
44	143
37	39
30	75
86	110
20	22
40	152
30	43
8	11
18	42
33	53
80	207
56	75
58	86
43	59
20	22
57	97
10	19
20	34
22	24
11	21
33	55
35	54
11	22
22	31
110	143
30	49
19	21
30	42
6	8
46	70
25	45
14	39
41	134
4	6
64	180
28	82
18	40
7	13
31	195
30	32
48	101
16	50
69	103
17	20
8	18
8	11
43	69
11	31
77	321
34	73
20	22
42	62
19	46
12	28
18	24
24	42
60	104
22	28
2	4
22	33
16	19
10	13
20	47
11	18
8	14
62	165
22	25
26	43
65	74
72	112
10	31
35	45
83	90
19	26
30	132
15	41
11	13
8	15
43	110
13	43
11	38
30	56
73	106
25	51
48	55
71	179
20	39
28	46
61	169
14	16
34	82
42	59
16	21
15	32
24	27
30	39
25	133
23	59
12	14
9	11
40	72
21	110
42	171
7	11
29	73
39	94
14	17
11	24
8	10
9	23
39	63
18	66
45	47
12	15
39	77
22	24
23	35
85	115
8	16
69	107
29	38
52	113
13	26
32	58
102	118
18	34
19	21
28	108
29	31
28	46
42	133
71	107
14	22
19	45
79	87
8	22
12	35
62	199
31	91
37	55
35	68
17	28
13	22
9	20
10	12
9	13
38	57
52	93
23	41
24	57
9	11
32	94
30	47
7	15
62	99
16	36
12	18
15	69
19	39
66	150
40	102
35	61
47	83
87	89
17	37
28	38
71	74
10	23
10	13
7	16
41	44
18	40
15	54
21	111
47	89
13	16
9	27
14	25
25	28
10	34
23	32
22	45
54	79
51	106
27	54
68	85
54	63
57	75
59	84
61	117
8	16
48	57
30	32
29	46
17	25
15	20
54	151
15	22
6	10
19	36
34	94
19	22
23	46
52	73
23	74
22	45
18	20
17	48
35	81
10	16
49	80
20	23
24	26
24	34
12	40
32	117
128	390
13	46
31	71
16	32
40	62
10	12
18	38
8	11
13	34
17	38
24	53
14	35
12	19
14	38
15	71
24	50
18	49
31	33
11	13
7	16
10	27
13	30
66	78
88	132
8	18
36	62
74	78
45	136
22	66
67	79
20	27
74	84
10	17
22	55
51	99
21	56
14	16
14	53
17	24
33	144
34	69
18	29
24	33
41	43
68	140
29	111
19	29
12	16
28	107
11	13
30	47
52	67
19	38
66	79
39	52
42	121
12	31
30	37
86	106
10	13
21	106
18	20
10	21
13	18
21	35
10	14
17	38
34	63
82	111
23	40
32	59
50	60
21	62
49	424
13	22
8	12
22	24
47	274
22	122
15	25
18	26
31	64
38	56
10	16
37	146
12	18
59	76
60	113
42	47
30	33
17	19
15	27
58	158
18	29
8	17
23	83
48	109
19	41
52	125
48	70
16	18
19	60
15	38
25	52
28	39
27	53
16	18
16	120
22	50
100	148
16	37
36	44
9	11
31	71
22	25
26	28
31	158
82	120
19	23
17	61
18	48
19	33
48	54
28	72
44	64
5	20
51	100
16	55
23	168
25	27
28	60
4	10
10	15
92	120
26	62
72	74
17	72
11	16
79	149
29	67
92	117
18	39
25	42
13	23
32	42
16	26
15	52
22	128
17	43
61	84
50	157
68	138
51	135
8	17
9	16
79	297
12	18
26	67
15	23
22	28
36	111
32	55
31	43
12	14
29	84
31	55
36	87
10	16
20	47
17	20
18	32
39	106
29	55
72	141
28	66
15	41
30	84
10	21
21	33
16	27
16	43
10	12
9	11
22	35
8	10
26	54
51	61
23	175
57	64
60	77
11	16
30	70
8	10
18	41
26	46
6	8
14	23
19	31
15	25
10	31
22	40
27	60
5	8
35	37
11	15
21	37
40	42
47	66
24	35
20	29
9	21
28	47
46	101
7	12
23	50
26	28
45	58
34	104
73	140
19	99
22	44
59	66
85	87
16	42
36	77
64	100
16	38
11	29
10	34
25	34
63	129
22	27
25	43
3	10
42	58
10	14
57	59
20	38
10	20
59	88
60	62
8	17
27	42
55	182
63	97
23	53
62	64
48	143
34	106
10	16
62	83
42	98
29	54
43	79
26	30
12	15
22	37
8	10
13	18
11	30
56	75
22	61
12	26
84	96
17	30
16	50
49	67
17	26
15	36
27	76
14	36
86	109
19	21
97	136
17	25
64	75
32	53
61	114
24	50
15	119
76	102
25	38
21	31
33	35
19	39
7	18
19	149
19	25
16	40
13	23
38	72
37	39
22	32
43	62
24	38
18	31
21	30
26	40
15	28
13	25
9	19
17	44
27	36
11	14
30	32
24	32
14	22
32	50
5	14
46	64
57	127
34	57
10	14
11	13
46	82
66	114
53	193
14	31
10	22
22	40
48	85
37	57
50	64
16	23
17	19
18	31
15	17
58	98
15	19
26	45
56	138
34	46
14	18
16	18
79	124
74	92
35	144
41	121
42	62
37	154
38	78
6	16
28	70
60	62
63	143
26	102
17	47
44	72
16	40
8	10
28	38
52	290
31	33
19	21
18	63
19	34
29	80
38	67
13	22
57	167
57	135
50	106
11	42
12	23
8	35
20	45
59	74
54	139
22	83
28	54
31	33
24	81
11	23
74	99
24	27
24	81
10	19
21	23
98	270
18	58
19	96
7	17
36	38
24	46
54	56
27	50
45	64
10	25
51	161
37	40
29	46
69	152
17	29
15	20
17	25
71	89
9	19
21	36
14	24
63	73
9	11
9	13
18	40
80	82
17	51
23	33
23	75
13	18
18	44
15	32
27	41
23	29
47	127
13	15
24	44
27	45
16	23
68	147
49	71
16	38
42	58
33	131
10	27
14	20
8	10
39	67
38	59
41	51
39	41
42	72
14	42
23	34
13	28
21	28
5	12
45	139
27	29
139	460
52	100
26	58
30	47
31	40
15	19
98	100
46	156
67	101
40	51
49	90
16	20
52	54
29	39
56	104
26	66
36	48
12	14
51	109
7	13
19	44
32	83
15	30
12	29
54	76
106	154
103	105
6	19
17	72
47	147
9	13
16	35
40	96
34	36
46	73
28	50
54	110
9	15
14	24
18	52
45	168
12	17
93	115
14	33
86	88
23	29
27	83
31	41
104	448
71	146
11	21
9	19
55	74
13	65
14	20
58	98
42	46
36	38
15	21
69	164
13	16
15	32
24	74
19	32
15	19
11	13
63	83
9	12
19	42
24	32
43	45
22	31
23	42
18	34
19	30
18	27
13	20
19	35
26	76
35	62
19	24
33	35
64	114
73	102
51	55
85	87
43	71
11	13
20	22
76	163
8	20
9	19
44	64
85	148
50	214
60	109
12	23
9	16
3	5
16	30
18	33
12	37
25	42
33	70
60	101
27	64
66	101
23	43
58	62
30	70
10	17
43	55
73	83
46	101
47	49
27	61
37	39
10	13
31	33
19	33
20	23
36	52
14	37
72	107
48	66
21	23
13	25
41	59
56	155
14	44
9	19
31	57
63	83
28	112
42	54
33	97
59	63
13	46
11	13
38	41
27	66
23	34
75	175
18	53
66	165
58	255
33	49
49	106
23	59
58	70
10	17
74	143
10	31
37	86
36	40
27	65
21	25
34	135
11	16
33	130
34	43
56	71
15	44
17	27
22	51
14	16
93	387
19	47
10	23
23	25
62	96
24	53
24	63
25	41
7	16
10	12
8	18
23	48
48	113
31	131
42	62
30	59
36	89
87	111
32	54
32	58
23	27
12	14
11	27
13	18
29	73
4	7
36	54
9	19
51	69
16	18
36	69
14	16
11	28
23	33
24	56
67	108
46	92
16	20
18	33
6	15
32	55
55	93
32	73
12	45
8	12
17	19
13	17
68	75
57	141
27	359
78	208
21	44
18	20
54	138
24	75
28	55
100	126
40	61
71	126
13	25
21	29
73	266
59	61
20	23
7	18
14	24
55	143
59	62
10	20
21	23
57	84
12	60
36	44
84	194
9	11
14	34
49	67
65	99
27	65
13	25
44	46
11	29
38	52
22	38
37	91
41	51
49	92
13	24
74	191
33	63
23	33
10	21
7	10
93	111
35	137
22	51
18	24
45	101
4	6
10	12
12	18
24	33
45	70
28	56
27	74
34	40
40	83
27	49
10	12
15	17
11	18
80	150
6	14
26	41
6	22
47	53
32	52
75	213
9	19
24	60
14	20
23	69
56	105
40	77
8	17
19	22
27	30
74	170
30	32
41	53
23	26
23	44
23	26
26	54
84	116
113	115
41	48
42	70
35	47
18	20
6	13
34	44
94	97
9	18
36	47
58	102
59	217
45	48
14	21
13	24
57	59
14	23
20	44
12	14
18	39
20	44
11	13
14	34
7	15
24	29
58	74
60	63
65	67
23	62
41	115
12	17
40	53
5	11
23	25
22	36
88	283
19	21
16	22
19	31
39	63
16	31
20	33
17	39
20	30
19	44
18	25
20	23
32	55
48	132
28	60
14	23
37	39
21	38
40	42
19	23
64	102
9	17
15	33
19	34
27	81
10	16
22	38
10	18
26	53
29	105
18	41
42	71
20	31
41	66
30	38
51	73
34	53
23	54
36	49
14	35
18	26
21	55
4	8
16	24
41	50
16	64
10	27
16	19
16	30
21	47
13	17
15	17
32	114
68	147
58	81
39	92
17	28
9	15
11	44
25	45
31	221
19	38
13	27
22	34
62	75
14	16
14	17
10	14
53	98
9	12
27	38
52	92
13	25
9	14
21	35
32	61
90	135
49	89
5	7
48	88
27	35
47	68
28	68
20	46
35	45
57	73
55	79
18	44
32	34
31	57
21	39
48	190
39	68
45	83
22	75
49	72
41	54
82	165
110	212
24	27
22	24
24	39
25	27
14	27
6	10
117	264
15	18
17	43
84	141
9	11
19	31
11	17
29	31
26	29
41	50
49	123
36	64
9	29
12	37
34	36
62	120
31	39
20	36
33	54
27	41
4	11
36	44
82	439
22	38
18	20
127	329
13	19
7	18
15	25
49	51
70	103
16	31
11	33
30	49
20	33
15	17
8	12
7	10
16	26
10	25
41	76
21	31
6	16
56	88
98	100
9	27
15	32
57	144
56	132
103	125
65	80
38	46
17	36
72	151
3	7
13	20
34	54
55	73
53	55
6	12
26	28
22	27
27	33
58	60
15	18
12	27
18	43
14	31
24	43
30	46
37	39
10	39
8	18
23	65
37	56
39	61
16	31
10	29
64	70
37	54
9	21
24	34
80	317
120	206
25	37
16	30
9	11
24	49
48	50
19	44
24	33
10	41
10	16
22	49
46	70
28	42
24	72
26	49
5	7
13	24
25	37
42	74
23	31
6	10
38	97
73	100
24	66
37	64
12	32
10	27
27	71
20	57
17	20
14	23
12	17
29	62
24	61
13	15
8	16
82	214
28	41
22	64
10	14
3	5
24	83
27	29
36	104
17	22
35	42
14	16
16	23
17	53
10	22
9	18
23	43
21	25
26	29
19	21
21	64
24	97
15	39
50	79
78	160
13	24
117	134
24	30
72	86
18	23
12	16
31	80
9	20
19	21
11	16
6	14
12	51
12	25
23	71
103	138
33	37
4	8
14	27
72	85
15	31
23	48
11	29
31	59
22	46
35	88
35	70
35	48
21	58
25	46
6	12
88	285
15	42
20	22
44	118
102	104
24	72
60	114
27	81
32	46
15	48
99	175
9	15
34	73
44	171
42	136
25	88
34	40
42	60
35	59
17	20
2	6
21	26
12	48
31	83
19	77
37	39
8	12
29	40
94	116
10	21
19	38
15	24
32	34
110	213
12	34
14	45
21	44
20	33
38	62
15	25
30	82
26	49
8	10
24	40
19	44
18	38
22	52
26	67
13	19
24	41
67	161
41	46
39	48
27	60
24	90
22	44
14	21
65	140
110	225
29	35
41	79
5	11
19	65
35	56
44	107
27	35
8	15
16	20
15	23
11	23
15	18
30	53
9	13
37	88
19	23
29	130
16	22
47	55
103	105
16	61
64	95
46	73
59	180
9	13
33	61
16	47
52	61
32	37
20	24
71	83
78	97
68	94
24	46
20	27
87	89
23	67
35	94
88	442
19	42
13	15
75	120
29	46
34	56
53	104
35	45
42	126
11	27
19	44
22	34
34	95
32	42
15	31
80	109
12	31
65	75
37	106
59	128
76	79
7	10
12	26
19	30
43	59
28	37
21	44
47	59
6	12
31	33
4	9
90	195
17	54
14	20
35	61
40	105
64	98
10	21
25	55
46	113
27	65
39	54
17	28
72	133
25	51
35	38
5	10
15	17
9	11
30	33
16	20
17	43
136	554
21	95
41	96
29	147
10	17
83	114
8	10
22	51
24	29
18	21
18	48
29	31
40	65
17	37
50	106
81	119
66	96
35	37
24	40
10	25
73	76
48	50
36	76
39	78
30	35
22	28
29	81
4	6
25	54
11	26
11	20
32	34
27	37
15	36
39	66
14	24
18	20
55	143
20	52
9	24
9	12
34	53
11	14
37	60
85	327
48	65
14	27
33	42
15	31
80	99
14	16
30	35
16	21
63	209
42	45
11	27
15	31
37	96
42	71
9	25
16	18
40	43
18	33
17	27
13	23
25	91
16	50
18	74
18	62
12	16
62	114
56	119
52	170
5	8
26	42
42	51
19	30
89	134
13	24
50	74
11	23
6	16
17	19
13	26
9	17
14	31
21	25
28	102
34	61
22	29
40	117
18	21
15	53
29	40
19	42
53	80
18	54
30	47
86	239
8	30
14	20
78	88
24	38
27	42
53	101
51	98
87	140
45	59
26	62
36	42
49	93
9	37
13	19
7	9
67	165
25	46
36	38
70	72
5	7
46	64
18	28
6	14
65	146
6	11
86	105
14	59
29	91
3	7
53	74
55	117
25	45
40	53
11	15
27	103
56	68
27	33
76	119
25	38
16	43
11	15
14	16
30	32
87	270
9	20
7	12
24	38
9	29
93	296
15	20
27	59
16	21
16	18
54	103
77	162
46	174
18	29
45	47
75	142
18	22
41	84
5	13
46	70
34	151
12	14
42	148
17	25
30	42
28	47
28	74
46	64
10	25
20	44
18	33
49	83
17	27
25	45
10	20
46	55
25	74
15	18
21	25
66	131
45	71
32	61
52	103
24	26
15	21
51	79
31	53
16	38
13	18
18	53
80	314
13	25
33	38
12	29
11	14
28	108
28	71
35	50
23	34
41	64
38	118
27	37
14	16
8	19
35	60
10	25
40	42
32	34
11	19
9	29
20	55
12	27
5	7
58	81
32	81
55	82
18	20
9	12
39	50
17	19
19	21
29	50
60	74
20	40
13	16
33	45
20	22
15	21
16	39
39	65
22	36
61	85
14	29
22	34
17	26
36	46
22	61
60	92
14	28
6	14
18	29
34	48
81	121
30	32
10	52
19	24
26	31
21	26
94	131
14	37
21	33
92	119
18	26
37	186
37	58
16	23
7	9
77	105
9	12
53	478
24	26
45	56
50	52
77	79
8	10
49	57
77	112
17	19
9	18
8	16
53	87
11	25
41	43
55	57
21	55
51	80
39	50
14	31
28	61
25	33
16	20
21	49
12	20
7	24
18	23
32	43
53	66
29	34
16	21
11	27
16	23
19	35
94	151
17	38
13	54
72	114
18	37
50	52
25	27
26	29
51	53
24	35
22	41
23	70
124	169
5	12
28	68
95	139
33	72
14	22
13	41
51	53
110	171
82	98
46	61
24	33
20	51
24	36
3	9
49	90
31	38
61	86
17	38
24	31
53	67
42	46
14	30
29	115
51	104
58	60
23	38
24	28
41	67
10	24
21	29
22	57
23	28
81	93
39	64
15	17
27	29
44	114
25	70
56	107
60	100
41	81
24	26
21	39
11	13
13	25
25	60
17	23
18	34
20	28
23	44
8	10
10	20
66	95
28	117
22	31
21	64
24	28
51	136
83	223
31	64
14	21
71	75
19	56
24	183
18	25
61	167
43	68
36	48
24	58
11	20
21	44
35	66
13	18
9	19
30	50
21	61
29	31
63	65
58	89
59	220
80	86
15	58
64	66
114	154
52	81
46	142
51	59
57	94
14	34
68	70
5	9
19	71
60	122
27	52
55	168
28	47
51	53
23	45
6	17
42	64
51	97
26	36
32	81
4	9
52	80
28	48
27	29
25	66
46	65
43	71
36	53
21	41
34	72
7	10
37	137
71	76
25	28
23	35
22	24
16	41
7	17
10	17
50	108
13	38
87	91
12	21
8	12
22	72
19	22
32	68
9	25
32	121
119	129
8	14
28	43
16	21
11	17
49	68
16	32
3	9
27	60
26	54
27	46
22	30
15	77
102	148
24	56
19	40
32	46
60	84
14	27
11	39
18	22
19	31
18	24
22	30
2	7
16	20
19	34
38	72
28	173
30	51
12	22
28	48
15	20
16	18
18	35
84	260
52	75
12	15
14	33
20	70
44	109
12	35
28	40
17	58
46	69
29	79
16	23
39	90
13	19
23	27
13	23
49	62
12	24
54	98
20	77
73	197
30	39
54	87
12	29
36	45
72	104
5	14
34	75
6	8
73	178
70	274
53	120
31	38
63	87
35	71
16	18
19	45
96	150
61	94
12	33
31	66
54	58
21	23
17	19
15	23
6	8
35	135
85	91
100	137
32	37
19	27
27	51
76	149
18	49
35	86
31	48
33	39
19	37
10	24
49	51
22	39
19	32
30	97
58	149
15	27
25	29
22	24
9	34
19	32
19	61
35	37
12	30
37	39
17	31
45	54
14	16
66	102
50	70
24	52
22	47
10	17
44	125
19	24
44	72
55	68
21	44
22	35
37	47
26	59
24	27
9	12
65	71
14	20
102	180
73	75
10	13
91	99
15	40
12	40
25	44
35	71
10	14
9	18
29	52
17	71
20	33
21	41
14	29
5	17
26	40
6	17
11	23
29	61
13	23
18	20
51	117
28	34
7	12
15	17
70	74
73	118
22	47
39	41
13	15
65	70
52	77
13	25
9	13
66	72
19	24
51	120
22	31
26	50
49	151
10	12
11	26
40	45
59	92
19	46
63	98
17	30
21	23
36	116
57	137
46	66
14	22
57	85
16	46
16	27
16	77
105	107
61	109
58	94
14	16
42	70
32	35
32	34
20	22
36	46
10	19
81	124
108	430
54	66
32	55
62	70
11	31
24	41
12	22
104	132
53	58
35	42
48	57
49	54
15	36
49	93
50	66
36	270
50	212
26	46
25	70
46	75
13	35
16	33
23	50
12	17
11	22
45	71
15	28
13	19
18	48
50	148
135	336
18	41
30	142
26	42
4	10
81	232
36	52
22	40
14	24
57	70
7	25
36	60
12	30
50	61
12	18
26	44
9	34
46	48
40	155
8	18
36	47
69	106
45	56
21	35
4	6
33	54
101	154
5	8
33	54
20	22
55	60
28	46
44	107
38	70
45	48
105	134
20	31
33	68
42	46
9	31
26	48
10	44
44	275
7	11
11	13
13	19
3	8
16	18
12	26
13	38
25	55
32	62
9	17
45	74
37	50
8	14
15	88
5	16
30	61
20	64
36	45
60	74
11	16
28	39
35	40
44	75
27	36
17	19
43	156
74	77
27	36
32	36
41	118
13	55
100	226
12	17
15	28
27	86
11	33
33	53
29	49
84	169
27	30
64	135
5	13
9	19
66	74
127	142
17	45
34	73
63	147
57	124
36	89
18	23
14	17
45	70
53	57
19	23
30	50
9	13
36	39
18	37
19	44
18	20
14	24
21	36
71	104
112	131
69	127
52	69
28	74
29	42
57	93
29	157
26	39
21	33
21	61
18	25
27	41
36	41
63	107
19	36
30	42
54	193
15	25
52	73
79	175
20	22
39	42
22	43
25	48
14	22
12	24
11	16
10	24
26	57
7	12
19	31
72	202
52	87
30	32
33	44
10	22
85	173
7	11
37	84
128	300
23	48
6	12
9	13
26	60
20	24
32	43
13	31
11	17
29	32
18	22
6	9
15	33
7	9
28	33
18	21
16	54
65	193
9	22
87	179
8	23
74	78
25	64
32	124
18	42
15	29
18	20
15	24
48	62
23	40
42	74
12	17
4	8
14	33
6	14
22	33
13	17
94	139
63	150
16	25
10	41
35	140
55	76
33	78
42	95
32	66
34	84
16	55
82	555
20	45
21	59
51	74
37	124
74	121
17	33
10	12
61	95
14	35
33	89
48	101
18	47
13	28
23	25
27	43
13	51
16	47
13	32
91	183
19	27
87	124
39	70
48	54
21	35
7	14
33	71
27	38
30	51
45	55
42	107
52	66
33	35
46	53
14	33
42	86
16	32
24	66
21	26
20	49
43	99
31	33
10	12
17	42
14	16
49	68
23	42
11	19
8	15
8	56
77	81
7	9
33	36
65	145
43	71
32	72
23	58
54	56
21	107
10	14
30	89
38	105
82	113
37	84
19	51
38	51
10	35
118	250
37	51
22	24
60	116
63	356
47	53
68	75
48	112
36	60
21	35
81	122
17	27
21	56
19	54
33	51
17	33
9	24
23	55
39	87
58	68
30	41
31	42
90	170
28	52
35	62
54	110
68	98
12	29
55	135
87	93
41	79
27	70
16	25
9	23
54	76
14	35
40	52
41	82
17	19
41	57
7	15
28	64
39	131
22	48
14	28
15	28
24	27
21	35
48	107
11	19
72	123
82	107
32	54
61	115
7	10
12	14
5	7
10	13
8	13
31	47
9	21
60	238
38	63
50	84
26	45
57	106
30	37
16	36
11	17
29	53
11	27
21	44
71	213
25	50
19	52
12	27
27	49
7	9
112	193
22	41
63	98
18	20
36	59
40	91
17	26
35	145
38	40
25	32
28	63
71	106
38	74
26	45
10	23
26	68
26	42
34	43
37	42
26	34
17	20
23	25
14	30
40	80
24	57
13	15
16	24
58	94
48	63
51	74
3	6
7	29
34	54
28	80
59	90
42	53
29	31
54	171
44	56
24	49
16	18
15	35
29	39
18	57
15	28
93	374
7	9
78	80
38	59
34	59
64	89
35	91
54	92
12	14
15	31
9	13
24	53
46	97
68	120
15	35
19	38
35	45
42	58
32	120
57	64
104	275
38	41
13	27
25	41
11	17
41	83
30	46
52	326
9	19
36	52
9	13
16	36
20	23
33	88
22	24
19	28
88	111
31	41
29	57
16	64
15	64
18	30
82	198
17	20
81	93
15	35
20	44
4	9
13	31
31	47
5	12
21	25
26	52
21	43
74	119
3	8
35	45
51	270
23	82
5	9
13	33
9	12
13	30
56	182
84	93
30	50
40	58
24	44
21	29
34	44
39	130
40	73
41	56
12	18
10	18
77	162
60	72
13	32
56	109
14	34
8	17
35	72
88	99
46	48
57	219
28	44
9	24
14	34
29	84
18	26
13	20
34	44
13	28
11	25
102	104
22	31
23	35
21	26
5	13
25	132
23	26
30	90
41	47
7	30
19	37
33	36
35	55
16	18
21	47
76	143
59	133
22	25
24	26
28	41
18	57
30	42
18	59
41	52
62	95
16	44
5	10
16	22
10	33
17	44
53	117
52	110
8	15
45	47
10	21
15	42
17	33
16	34
36	52
6	8
20	25
44	134
14	16
55	75
17	25
26	36
50	64
19	32
47	62
42	44
10	19
32	75
13	29
15	34
56	114
11	19
72	97
44	78
49	66
51	53
44	103
23	101
38	146
107	119
9	20
8	32
27	29
28	54
10	15
14	19
17	50
9	11
14	30
15	30
7	12
33	35
21	28
55	151
9	28
13	15
46	82
49	87
12	14
72	141
23	59
86	90
78	80
19	41
10	19
32	41
19	34
74	148
60	94
24	26
34	64
29	165
19	49
53	141
30	57
37	85
75	161
35	47
38	55
42	416
9	23
11	26
23	46
40	63
43	64
32	59
83	201
9	13
14	62
19	24
53	105
40	48
9	11
30	45
24	43
9	18
14	19
27	46
19	33
25	50
35	108
47	57
21	52
14	16
55	89
33	40
16	64
47	88
29	65
10	23
1	3
39	41
32	51
38	40
54	65
44	82
0	2
7	14
49	154
89	125
57	117
30	86
7	14
95	97
29	34
14	23
20	39
27	36
57	78
33	88
17	23
34	79
14	17
18	33
12	26
23	68
50	83
18	34
39	420
32	42
35	44
11	22
18	50
11	18
19	44
10	32
32	70
41	90
23	61
40	146
39	59
47	97
14	46
31	49
21	42
17	27
43	52
86	396
12	44
12	33
10	13
29	36
55	64
27	55
4	8
51	57
19	33
14	34
19	42
15	35
43	94
47	86
40	45
43	57
12	21
11	15
36	53
17	26
30	60
35	108
37	107
41	116
11	18
41	125
7	14
11	20
27	64
10	19
40	68
34	55
12	20
71	81
32	58
18	33
14	23
34	61
10	14
64	82
17	31
22	43
24	30
21	36
17	27
18	34
45	74
67	69
88	280
13	46
17	45
76	116
14	16
31	64
41	100
77	110
29	55
87	148
11	17
56	132
40	48
13	18
5	9
24	26
40	64
15	23
13	15
14	20
57	98
35	49
23	51
11	29
63	65
44	103
31	37
21	46
21	39
19	45
27	36
38	104
56	58
50	57
48	261
23	25
6	15
22	153
42	50
19	24
24	35
35	62
9	14
29	45
54	110
65	146
60	164
8	11
47	92
33	89
27	35
11	19
50	144
6	12
22	25
45	160
30	43
15	33
8	15
17	43
12	21
9	20
35	67
9	17
13	18
17	40
18	20
33	48
35	37
9	32
35	45
74	97
5	13
10	12
18	37
4	7
34	36
34	44
12	29
9	14
11	26
8	27
16	26
11	13
93	141
14	19
35	39
16	23
23	112
18	30
51	60
71	118
38	58
47	80
10	21
147	330
14	24
30	58
15	17
17	33
66	108
13	30
11	45
95	134
33	63
19	60
7	19
8	14
80	123
29	131
47	58
7	20
10	35
21	31
48	69
55	100
31	75
25	54
5	10
22	46
59	96
56	64
32	48
11	20
13	38
86	122
16	47
115	168
6	14
40	58
13	15
13	31
45	47
31	33
48	52
28	30
26	28
23	40
39	62
11	21
25	55
52	130
82	84
28	30
76	78
18	21
32	67
36	48
38	52
30	35
16	28
5	13
11	37
40	42
14	82
37	65
46	73
30	50
38	56
11	16
70	72
58	91
14	16
54	78
54	56
26	55
99	249
10	17
44	144
53	55
5	13
56	58
32	44
11	25
52	111
8	26
16	18
55	156
34	51
55	71
14	17
51	147
26	39
14	24
28	45
24	81
29	31
13	39
25	77
44	47
44	80
32	76
5	7
22	31
4	10
19	31
10	12
16	19
19	67
12	48
10	21
61	63
19	34
22	34
38	156
42	45
13	15
73	79
20	28
16	31
16	18
45	54
7	17
8	13
16	26
10	12
14	16
28	36
48	71
48	117
73	89
16	21
4	7
47	63
33	105
10	21
38	76
11	22
44	126
22	27
12	14
97	118
13	25
44	63
14	146
12	32
9	12
59	172
2	5
23	38
39	50
55	76
48	218
5	17
44	65
7	10
8	22
10	15
53	80
17	35
17	24
20	38
7	19
91	134
18	80
42	55
32	79
53	95
19	36
15	69
16	20
17	21
35	52
15	17
22	54
29	31
9	11
12	30
84	250
71	224
41	67
50	63
42	85
30	76
10	27
13	21
46	62
19	21
10	29
106	130
35	37
19	53
27	32
52	114
13	29
16	18
7	13
32	39
6	16
21	130
9	18
26	60
49	68
28	40
91	308
77	88
14	26
60	130
21	25
10	15
14	19
72	98
36	119
19	21
49	299
34	55
54	81
11	13
11	17
32	37
26	70
43	69
14	19
22	27
18	68
26	60
12	50
38	84
24	76
11	13
34	44
24	62
29	32
5	11
26	28
8	19
69	107
25	42
29	40
23	59
70	362
10	18
13	16
16	30
78	124
21	43
14	16
68	70
16	35
42	56
6	14
37	58
21	50
20	49
35	37
32	109
25	93
54	63
29	100
6	11
44	76
24	38
15	17
20	68
26	38
34	50
21	23
72	105
78	124
12	20
38	170
23	29
13	33
7	16
34	90
67	82
18	52
77	100
90	120
47	64
46	62
33	75
26	63
32	77
30	36
61	76
100	285
84	296
30	64
12	27
12	14
19	28
54	154
20	39
84	97
22	51
40	88
21	55
24	26
34	36
11	25
39	75
10	12
10	20
11	16
38	64
37	78
23	57
24	82
54	129
30	46
17	19
31	68
56	88
56	90
35	71
12	26
39	125
54	56
13	22
48	67
29	65
15	33
25	27
29	49
16	19
44	77
11	22
53	65
62	101
19	23
26	30
18	20
61	69
19	21
15	24
22	66
40	152
21	26
14	52
27	34
15	20
61	73
8	13
30	38
36	38
8	13
28	53
24	73
10	16
52	70
26	79
29	33
35	56
76	85
48	50
36	61
24	46
51	53
19	28
14	39
32	46
42	84
12	25
76	131
19	46
6	13
10	14
20	52
24	34
39	85
48	54
16	55
16	43
30	54
27	48
25	31
19	41
76	160
7	15
38	119
61	74
13	40
53	262
35	80
10	21
50	96
28	74
11	22
117	282
13	28
34	64
15	28
39	48
22	56
74	92
15	17
63	68
49	79
10	12
15	33
30	39
50	88
52	56
22	32
48	67
29	48
6	14
15	43
10	19
44	57
38	41
94	226
18	27
14	31
31	76
43	62
76	141
65	120
14	27
23	26
23	25
13	33
39	45
66	147
56	74
19	39
20	64
73	79
27	41
39	42
91	103
31	51
26	59
17	23
68	147
14	20
19	40
80	82
24	48
10	30
31	39
11	22
75	126
13	23
29	47
8	17
44	165
17	34
25	61
84	113
23	30
9	21
25	44
10	18
30	59
90	178
35	64
73	176
75	97
4	8
37	48
20	51
20	37
24	54
56	413
44	67
74	122
40	42
77	81
27	104
8	21
13	26
71	87
62	77
24	86
13	25
19	99
58	78
38	59
13	20
21	100
43	94
76	105
5	11
13	35
17	36
47	74
19	27
27	62
6	10
6	12
25	132
21	34
134	222
35	98
19	43
10	19
21	92
28	45
84	100
76	133
13	41
10	13
15	44
40	162
11	16
28	112
23	31
34	54
19	28
9	20
76	84
34	36
49	83
34	54
12	21
5	11
41	50
9	30
32	45
68	73
7	13
98	100
87	95
76	122
21	53
27	54
72	177
28	79
19	28
7	18
50	105
28	50
37	45
4	7
80	186
7	9
30	44
54	144
36	88
92	104
51	71
14	21
99	195
5	10
22	24
44	69
18	22
18	44
52	80
27	65
50	77
14	40
41	153
29	50
13	25
30	32
15	64
61	63
84	363
45	47
11	15
26	103
11	40
82	92
48	56
19	45
96	168
30	128
12	24
25	38
60	62
5	12
11	22
13	21
19	22
13	20
16	77
24	74
70	119
107	214
12	32
75	95
46	67
40	69
41	91
61	126
11	25
27	49
38	126
15	17
11	19
13	23
86	482
25	41
23	37
45	68
68	108
21	32
15	18
99	145
28	123
89	116
37	67
11	30
29	90
30	47
22	31
90	169
18	20
41	131
20	26
10	21
44	72
5	11
13	31
20	33
26	181
40	53
19	24
7	17
123	153
18	27
6	12
12	21
21	34
74	164
86	118
4	11
27	46
10	12
13	24
84	86
19	40
15	26
59	132
24	75
34	234
17	26
20	35
11	13
33	35
25	28
21	34
8	19
13	49
42	66
58	186
3	5
68	183
8	15
4	12
36	84
13	22
9	16
3	5
15	17
24	33
25	38
13	15
14	26
64	68
13	19
25	51
17	29
27	104
13	23
17	30
44	82
16	27
29	65
13	28
12	15
12	15
28	30
17	41
23	55
18	62
24	33
25	58
15	27
79	124
9	17
21	28
4	8
8	10
76	88
11	26
17	34
34	92
27	42
32	62
43	62
16	71
4	10
60	121
24	49
27	64
44	49
9	12
19	37
28	30
9	39
48	66
29	56
39	64
20	36
56	65
27	55
13	23
61	63
48	154
11	17
11	43
17	56
40	43
41	61
32	40
10	22
31	45
21	23
15	31
14	20
22	25
9	33
28	30
24	34
28	62
11	30
90	92
20	49
41	64
21	33
17	52
54	60
23	31
18	45
19	48
11	28
38	43
7	13
8	25
19	47
18	24
16	28
18	20
20	44
15	18
14	21
22	39
54	56
25	31
19	71
13	23
25	61
35	62
29	83
58	69
17	55
29	40
37	51
9	14
11	19
15	26
9	16
15	31
19	46
31	33
58	60
38	149
5	15
12	19
79	158
79	88
9	15
35	112
14	37
8	21
27	29
99	116
20	23
25	250
59	93
31	43
74	104
68	92
18	48
8	10
81	122
13	15
33	50
26	50
72	101
20	52
7	15
71	123
18	25
11	14
44	75
106	178
18	23
28	32
12	24
49	62
18	21
7	19
14	28
75	83
67	105
83	202
42	44
32	80
21	40
126	148
53	55
46	135
21	31
79	81
4	10
11	20
32	65
27	34
58	182
42	83
8	22
27	50
6	12
4	14
42	74
10	16
75	89
52	76
73	120
39	66
23	33
32	87
24	93
71	78
91	423
15	28
7	9
42	65
28	40
17	54
48	58
10	14
63	179
25	61
15	30
55	66
69	259
76	201
28	39
4	8
35	53
49	55
10	20
9	31
7	23
46	91
5	14
16	41
36	61
37	53
38	66
10	19
24	26
9	11
28	44
5	7
48	208
48	50
87	370
28	56
24	82
7	23
37	52
58	122
43	45
36	99
51	152
56	128
48	50
36	69
46	55
70	77
13	39
13	15
17	31
21	26
23	63
50	109
18	37
43	59
19	39
9	13
20	25
25	28
12	41
24	39
36	74
33	79
36	144
38	53
32	34
11	23
20	27
9	20
8	16
25	85
87	148
29	48
1	5
5	12
34	44
65	130
53	66
24	69
84	201
21	24
31	40
26	32
11	22
10	22
23	31
47	49
35	101
16	18
41	44
13	16
131	274
32	51
15	32
16	32
21	41
10	12
23	37
62	139
10	26
20	40
73	88
14	24
84	124
10	15
27	35
28	35
48	68
25	64
82	341
36	53
29	35
14	30
29	58
11	23
68	95
5	7
29	32
11	23
51	73
7	16
11	29
20	23
15	37
107	188
46	144
5	13
68	74
77	80
20	24
17	85
12	15
22	36
32	37
35	71
19	61
79	116
12	23
26	68
23	124
24	62
19	21
14	25
43	131
49	78
46	89
15	79
11	29
42	53
13	15
47	143
99	101
57	70
28	43
8	24
18	30
23	52
26	43
47	78
7	22
94	122
26	50
15	17
26	43
14	34
22	24
23	25
16	35
12	22
24	41
62	86
15	72
10	20
26	53
43	118
30	42
143	148
61	166
21	36
65	78
25	57
41	83
11	35
21	33
58	116
40	78
8	12
55	158
8	19
30	35
2	4
33	53
45	77
8	27
41	79
48	68
36	84
18	34
12	20
69	208
21	43
20	27
64	71
52	176
40	42
15	76
44	86
53	220
53	98
57	150
17	43
28	65
75	117
10	24
52	136
36	65
15	22
54	75
35	83
28	79
16	35
19	47
12	16
37	106
48	53
6	12
15	39
61	63
12	29
10	18
17	32
19	34
32	62
18	20
43	146
15	17
15	23
32	38
23	50
26	39
14	32
15	19
73	85
31	35
8	15
25	56
19	21
43	78
23	58
16	58
16	29
5	13
22	26
124	322
16	25
22	67
49	92
11	24
1	3
10	21
21	42
24	73
12	34
24	46
42	85
18	42
11	19
32	209
12	21
36	55
40	42
16	56
56	91
13	38
22	55
64	91
12	19
15	19
21	81
37	131
29	75
13	18
12	16
7	18
17	30
24	44
40	208
15	33
18	32
28	35
31	42
53	137
23	32
5	8
16	43
18	25
79	101
6	14
14	24
19	43
11	18
24	40
28	32
77	194
52	120
42	168
29	74
24	48
80	93
14	35
41	73
41	110
17	32
19	30
18	25
58	117
6	8
47	51
21	31
28	43
80	133
44	126
41	59
26	41
14	30
13	29
7	10
8	18
78	144
44	129
25	44
14	30
36	56
17	57
9	15
3	13
39	42
32	44
23	25
45	117
15	44
61	109
21	23
26	34
14	32
16	19
26	59
23	33
8	12
29	121
65	138
39	66
15	31
11	13
34	83
29	57
19	29
12	15
6	11
31	55
25	31
105	107
36	51
13	24
18	51
27	45
40	50
23	26
7	23
18	43
68	87
28	61
22	80
48	111
12	16
11	14
49	51
46	99
46	69
51	53
123	156
97	99
21	43
15	32
27	54
48	119
45	69
37	51
49	76
40	42
34	45
38	52
19	108
91	201
19	53
8	17
15	36
76	87
22	27
33	57
21	45
64	219
27	106
34	36
23	28
7	9
26	69
12	18
35	103
13	37
23	48
9	13
25	68
34	39
29	35
20	40
18	23
8	18
54	164
13	49
32	57
10	12
53	70
40	67
60	135
13	15
38	64
10	20
4	7
32	41
4	6
20	61
23	58
54	139
36	64
17	40
38	40
17	37
24	26
23	41
18	49
16	37
31	87
56	104
34	62
9	17
11	27
16	23
29	45
64	146
13	29
51	72
42	109
5	9
16	19
22	25
15	19
28	74
34	88
34	46
26	48
18	42
16	25
41	68
39	52
22	71
31	79
45	105
13	16
21	38
44	104
26	30
14	20
39	52
11	29
31	33
6	10
14	39
7	17
17	49
48	80
20	22
60	72
9	34
22	56
18	49
5	13
29	43
27	37
17	42
34	69
8	16
29	40
22	45
44	66
16	40
23	39
11	14
60	114
6	14
31	122
33	99
23	37
52	64
5	9
27	51
13	15
14	18
37	42
100	275
64	100
7	12
25	47
30	61
19	62
10	21
49	77
41	52
60	149
12	40
35	69
60	69
13	32
44	47
27	42
60	81
11	24
19	34
23	36
24	26
116	123
26	32
8	25
29	63
77	360
36	38
24	39
28	55
13	62
41	49
16	46
87	89
60	151
22	51
14	18
17	27
30	61
22	36
28	32
20	25
29	49
31	94
11	27
16	32
4	7
18	41
65	89
55	139
20	22
13	23
27	42
11	23
19	38
78	81
14	17
50	77
16	18
9	15
15	44
80	82
7	16
28	34
19	37
25	29
21	25
21	96
21	32
25	31
28	42
56	160
61	210
19	42
58	98
47	61
55	100
32	166
71	73
32	56
39	46
16	29
16	19
23	48
53	214
39	57
24	56
22	66
39	55
52	96
43	58
14	22
21	29
35	71
100	216
8	11
69	75
11	13
59	98
34	42
65	117
123	180
28	179
52	54
56	67
34	36
36	54
10	21
12	24
36	60
44	60
25	32
64	66
17	19
25	90
25	30
41	66
15	17
30	63
23	30
26	41
82	102
28	82
8	12
27	40
100	221
24	102
22	25
44	101
6	12
68	74
82	84
30	79
31	47
30	86
38	58
15	22
61	99
20	81
27	35
18	30
14	25
48	104
92	172
30	55
14	21
19	34
35	51
7	10
5	17
11	21
18	20
27	43
27	44
16	18
11	24
12	17
27	64
48	80
18	45
23	47
11	16
12	29
64	99
27	43
18	36
40	67
26	62
10	25
35	50
80	104
17	32
30	48
31	202
25	28
24	34
54	80
81	92
16	44
39	44
29	55
30	200
31	35
9	14
22	24
37	56
26	83
41	92
42	136
9	14
6	8
20	60
15	42
71	179
15	26
84	87
30	56
15	21
49	131
103	188
60	93
34	86
16	46
42	62
21	29
23	28
15	33
56	92
18	22
57	67
11	19
11	18
13	33
14	21
45	47
34	89
5	13
12	50
12	17
19	67
24	59
27	36
19	32
45	65
39	46
34	76
30	111
86	324
14	24
27	87
16	35
53	82
91	118
47	148
34	209
77	135
83	111
74	178
65	83
21	26
15	17
9	11
15	34
48	80
38	190
6	9
11	31
21	29
22	26
69	149
21	23
29	85
58	86
144	378
25	36
24	26
18	34
19	43
31	38
16	27
40	72
39	62
45	70
37	69
15	28
21	41
22	24
23	29
91	128
45	97
9	19
77	122
26	28
76	97
34	83
26	40
47	75
20	51
17	43
43	45
66	68
44	104
44	175
62	126
44	61
51	132
14	16
11	15
20	39
14	28
31	51
16	21
25	36
7	25
60	171
31	73
12	23
20	108
26	49
20	47
8	11
14	16
31	49
116	137
10	16
111	200
14	20
11	34
76	122
35	45
10	14
46	66
53	144
69	178
28	79
21	50
4	8
12	22
8	19
47	66
19	21
13	34
64	77
24	74
39	87
13	24
11	31
10	13
83	154
46	78
24	63
12	24
49	135
23	30
29	34
24	72
26	82
35	56
23	25
19	24
26	32
119	281
11	13
11	15
33	74
19	62
15	23
35	49
39	65
34	36
40	67
32	69
22	38
14	42
8	19
14	17
43	51
71	128
13	26
67	88
29	69
123	149
49	66
16	27
19	32
60	96
21	25
29	49
24	83
9	15
41	56
13	18
47	125
8	10
23	27
28	48
43	101
20	39
71	107
7	15
31	41
45	47
9	11
19	21
50	74
28	47
42	45
27	37
53	161
95	148
68	88
14	24
60	114
43	90
21	43
50	88
39	86
22	69
6	12
75	87
48	74
27	45
54	64
13	26
15	18
34	67
28	114
90	92
17	27
51	55
5	7
48	99
17	33
29	60
24	26
75	379
11	23
8	10
14	19
33	62
57	81
11	15
36	44
8	19
13	20
48	72
10	24
20	22
41	64
6	14
36	59
10	24
47	60
40	77
14	18
35	48
45	60
23	60
9	17
42	80
7	25
26	38
49	72
68	82
23	46
35	94
57	97
87	99
8	10
22	33
9	20
36	78
130	194
31	52
11	15
8	18
42	52
19	38
27	46
23	32
13	27
21	113
97	102
34	38
38	74
57	402
46	96
7	14
10	39
27	29
47	126
111	272
19	21
32	34
19	23
22	24
66	73
74	115
27	43
6	16
15	29
73	88
21	26
15	26
29	98
11	22
58	60
18	34
13	19
7	19
63	65
17	53
27	143
55	62
50	70
22	38
112	114
16	31
26	31
18	22
58	60
13	53
17	24
25	81
18	32
13	19
6	9
18	24
90	127
117	119
24	43
38	77
29	36
18	40
14	16
11	21
4	7
94	170
45	133
24	106
42	109
36	44
34	52
16	48
10	36
22	53
28	80
30	126
13	15
46	79
92	204
31	119
33	39
49	215
5	9
21	23
73	77
31	70
19	45
59	90
46	74
18	83
10	13
6	8
7	18
13	18
8	25
34	36
3	5
96	203
26	47
27	43
7	9
10	12
12	14
18	24
46	141
102	135
8	12
22	25
11	27
11	22
7	13
11	26
17	21
80	111
75	79
51	54
35	44
22	37
121	256
27	69
33	43
40	72
31	51
41	89
13	35
45	47
49	119
37	118
14	16
26	61
20	27
69	77
79	105
84	127
46	108
52	139
24	35
53	108
11	25
13	16
39	47
49	54
24	41
68	202
14	16
27	98
64	95
9	23
15	17
14	26
54	64
80	244
24	62
12	24
10	17
13	38
9	24
14	17
7	9
43	66
25	49
23	31
41	98
39	62
75	102
115	138
45	48
50	52
22	34
20	94
76	103
48	75
6	12
13	24
11	24
58	99
9	13
9	16
44	92
9	16
8	10
36	88
78	89
34	122
57	80
11	26
29	49
5	13
19	22
24	30
7	10
88	149
14	38
50	118
20	22
22	78
34	36
37	40
17	30
38	40
22	59
23	56
43	102
18	45
9	11
24	26
51	124
34	105
31	50
46	77
87	89
27	39
6	11
33	65
39	54
16	24
61	150
20	50
18	37
68	348
6	15
10	28
25	98
20	31
12	21
73	130
14	25
46	91
14	27
52	54
17	34
26	33
19	46
26	28
29	44
18	20
10	21
14	31
14	18
34	200
60	192
34	38
16	23
36	41
80	88
124	321
21	23
3	9
104	140
23	42
23	64
19	66
31	51
13	19
17	43
50	143
15	54
16	23
11	39
104	286
12	23
8	24
51	67
10	22
9	22
2	5
11	22
39	60
19	30
16	26
42	115
64	85
47	88
18	49
27	29
46	54
79	85
10	12
21	36
66	91
93	263
34	36
8	32
9	16
22	64
45	63
15	54
66	104
49	61
6	14
33	50
11	25
17	29
34	60
63	95
20	26
16	33
33	47
6	9
147	415
33	123
93	120
44	46
15	38
27	77
18	40
10	32
107	109
26	53
21	39
9	14
7	22
5	12
90	188
45	79
35	37
28	39
19	60
54	76
15	68
44	74
27	39
11	18
14	24
40	63
99	126
9	13
82	255
16	41
21	23
46	80
7	14
25	58
14	27
16	44
27	29
76	94
12	16
21	23
29	40
44	56
28	53
20	59
3	7
14	27
11	13
5	13
6	16
29	45
8	16
29	55
59	103
39	90
11	19
34	50
70	78
21	50
36	49
11	26
12	14
13	34
33	202
58	117
27	41
23	37
4	9
16	28
42	63
25	27
38	88
32	81
23	30
39	55
7	11
13	21
13	31
56	260
69	110
98	219
13	26
27	53
27	38
23	54
42	127
69	80
46	99
39	93
35	71
24	36
10	26
6	8
11	18
83	88
14	49
30	55
44	72
27	33
21	24
50	92
6	11
32	47
31	45
34	40
12	30
37	108
4	8
42	58
22	56
33	35
11	25
34	41
23	81
24	57
23	30
13	32
26	49
4	8
14	32
73	76
7	10
23	68
20	76
5	7
17	23
25	28
51	171
31	53
9	11
110	400
31	74
56	78
12	22
8	18
39	67
32	34
40	354
28	40
13	24
14	19
50	52
5	9
25	31
46	65
13	20
22	32
15	17
94	260
36	94
56	88
19	67
14	20
21	31
25	39
42	99
36	89
36	45
19	21
23	33
36	44
13	25
21	51
14	23
5	12
109	221
51	63
34	46
7	9
36	44
48	63
72	81
27	40
31	58
23	37
5	12
39	41
56	80
32	46
21	38
16	27
36	49
44	79
27	39
60	65
8	22
79	94
26	38
43	119
10	21
22	59
30	58
38	66
29	35
44	66
42	109
19	24
8	17
23	56
28	47
7	13
35	46
18	38
16	32
15	40
22	24
65	153
77	85
74	428
9	25
44	147
10	29
47	49
39	59
27	39
15	17
18	51
46	48
46	60
46	87
4	8
18	20
11	20
18	44
19	33
19	68
34	63
14	32
41	45
39	58
5	10
39	118
21	28
37	60
38	222
74	200
18	34
12	19
53	84
12	34
29	59
38	75
20	29
10	23
45	76
45	87
14	32
10	19
36	64
65	76
16	20
6	13
13	22
11	39
36	39
7	16
59	264
14	34
54	152
20	22
22	46
11	24
33	85
16	39
15	29
39	58
25	87
60	255
90	165
20	30
16	20
3	9
23	49
32	48
25	137
23	29
121	182
11	20
20	38
28	62
34	47
73	129
12	25
26	50
69	83
11	25
45	47
17	31
32	34
19	32
28	91
18	49
17	34
35	62
14	21
16	40
56	118
15	29
34	72
28	35
43	67
49	73
36	50
29	47
34	36
4	9
26	28
24	82
26	73
10	23
42	68
17	28
30	60
29	31
5	12
34	69
32	51
21	73
81	93
14	25
11	36
9	18
11	15
24	123
33	37
32	51
49	51
29	83
59	61
67	94
4	9
5	21
14	19
24	51
41	69
9	12
9	18
6	11
46	93
31	106
72	93
35	83
78	91
46	98
45	52
38	107
13	39
26	28
90	410
18	55
17	19
48	53
2	4
47	93
40	150
20	70
32	38
7	16
35	52
8	16
19	21
46	55
65	92
29	45
42	174
26	53
38	106
15	17
23	63
69	135
21	51
4	10
9	12
34	104
5	12
35	69
32	97
22	24
90	156
53	102
21	32
86	124
10	12
28	32
12	32
18	66
23	51
4	10
119	121
23	25
58	87
18	83
14	27
22	32
16	33
19	23
36	48
28	42
41	124
59	167
16	18
63	75
28	73
39	59
8	14
79	124
97	99
23	90
23	54
47	80
13	23
65	124
16	22
19	42
22	24
11	21
6	13
14	36
73	289
26	68
58	72
30	51
60	87
103	125
14	30
15	29
34	36
15	51
11	26
35	183
25	38
23	144
11	29
13	30
16	18
29	45
30	60
47	123
33	50
12	40
21	72
40	42
6	8
17	21
57	72
26	48
33	56
18	20
37	45
8	11
31	97
60	84
30	131
24	38
17	24
14	22
70	130
17	19
86	132
20	27
30	53
10	27
14	55
26	68
26	41
43	97
11	20
17	19
14	39
30	35
110	207
46	58
43	150
64	76
37	101
38	50
52	54
95	111
17	27
33	56
12	16
6	9
5	11
32	38
37	41
10	40
50	85
75	85
26	89
16	27
38	81
60	65
61	97
29	90
14	23
34	36
6	11
19	40
13	18
13	23
16	22
50	126
25	46
78	86
35	89
118	187
22	33
7	16
24	47
38	52
69	107
35	93
31	43
59	205
14	17
16	42
36	182
52	143
24	46
56	86
41	52
38	69
80	163
10	19
20	30
45	96
25	53
41	136
6	13
19	27
25	44
21	52
20	27
28	41
18	38
9	14
39	68
12	23
11	26
4	8
28	48
79	106
21	62
62	77
16	18
14	25
34	39
113	168
8	21
38	68
13	20
40	63
6	9
37	63
11	22
10	19
11	13
61	96
76	125
10	14
13	55
27	71
46	76
58	178
29	45
28	157
47	125
18	30
48	77
25	60
68	72
63	93
16	24
11	13
16	23
56	58
73	75
20	28
77	116
55	106
54	172
9	22
14	29
41	113
41	58
102	244
18	38
30	52
23	29
11	16
52	58
42	44
53	137
34	140
17	30
19	61
69	89
18	27
11	30
19	24
8	21
10	27
32	43
20	31
27	41
26	42
70	96
24	49
14	29
136	230
21	29
13	17
48	50
70	94
25	40
63	91
107	109
13	15
81	91
47	85
15	17
16	19
27	61
13	15
29	77
9	30
16	20
18	58
58	128
39	53
2	9
33	35
20	43
22	28
18	28
87	91
41	50
66	77
51	90
22	30
32	77
77	84
28	34
7	14
9	23
11	17
64	132
67	117
33	76
17	43
27	36
36	53
13	32
46	91
39	61
12	19
53	152
24	56
11	34
9	15
28	48
23	79
25	76
14	27
53	60
45	53
31	46
6	10
9	30
26	48
58	180
44	63
18	69
13	41
24	26
19	28
15	22
18	45
12	22
9	22
14	16
11	22
27	45
32	46
41	46
88	190
15	30
60	223
40	66
70	286
5	10
18	33
50	90
16	22
26	32
47	78
17	19
17	33
55	82
15	20
61	88
36	94
18	24
31	84
62	71
34	41
29	40
36	69
13	32
11	23
27	46
15	33
27	79
6	13
58	78
83	291
29	66
32	44
17	21
27	36
82	183
37	53
12	22
3	7
30	50
45	69
9	16
47	74
17	25
78	453
18	27
34	62
35	63
48	55
25	45
10	30
10	21
9	17
25	65
45	56
78	200
27	85
48	114
20	111
4	8
52	72
49	69
9	31
94	98
11	43
80	428
71	134
13	35
38	62
16	23
43	204
9	21
11	23
67	95
16	34
30	32
40	60
10	21
20	46
13	28
33	62
63	136
41	46
16	32
14	21
74	149
5	8
62	109
33	69
21	29
10	17
32	101
26	32
31	33
35	86
67	107
20	70
73	86
14	23
24	31
13	22
12	43
15	17
44	105
21	46
15	20
13	19
80	212
63	92
100	142
22	47
56	87
15	22
19	22
30	245
79	165
60	84
12	28
15	36
36	38
45	104
20	55
88	106
18	30
40	59
63	218
31	65
23	56
14	17
21	59
0	2
15	30
39	68
18	42
17	38
19	33
30	32
8	27
22	47
64	81
32	43
24	26
42	85
6	19
22	46
22	37
27	66
21	23
18	79
29	104
58	91
8	10
17	20
27	30
20	55
37	39
29	86
22	38
22	27
54	86
6	19
16	54
33	57
37	104
31	33
46	77
29	31
10	23
12	47
11	27
25	37
7	9
52	89
9	23
45	62
28	85
51	61
12	19
24	44
10	14
20	37
52	71
4	8
25	43
24	28
28	83
21	29
52	76
13	33
17	43
22	41
17	39
40	63
9	26
71	75
8	12
51	96
13	23
19	80
47	91
37	132
54	100
1	3
29	49
42	54
23	32
77	206
78	113
64	71
12	15
12	17
26	78
13	27
18	33
4	6
38	69
17	19
18	34
79	198
39	97
18	34
30	61
87	93
57	59
63	92
18	52
15	17
66	68
28	64
11	26
21	30
33	58
43	126
16	46
63	96
3	5
26	40
9	11
28	49
32	51
22	61
18	33
26	44
35	47
78	252
41	43
25	30
29	39
29	31
71	73
32	34
16	30
25	49
37	39
8	20
12	27
32	56
7	27
44	51
25	30
13	26
48	76
24	34
29	57
74	153
10	15
26	31
13	41
15	17
135	196
65	78
90	141
7	17
15	18
44	72
88	116
17	19
39	60
14	21
12	24
31	33
60	368
41	80
97	159
16	38
19	32
30	48
33	46
12	19
20	22
18	164
54	128
52	67
7	13
51	172
13	25
13	20
7	19
13	37
26	48
27	67
40	62
36	127
39	59
7	12
9	31
25	61
21	69
85	153
23	31
23	46
114	394
126	192
26	43
62	141
72	173
49	51
66	72
22	33
59	114
33	60
12	32
27	35
7	25
37	49
8	17
14	21
70	239
44	139
43	64
20	23
28	58
13	25
38	57
63	71
62	72
11	20
15	88
19	35
16	21
22	38
51	97
25	46
53	64
21	66
30	61
27	62
30	38
35	38
11	36
15	31
20	25
25	35
16	39
48	64
16	18
6	13
57	78
16	20
77	107
11	20
28	50
17	21
33	68
52	64
69	83
36	62
99	122
11	20
18	44
55	69
62	73
39	133
17	24
21	70
11	13
39	65
14	16
11	31
22	48
22	67
29	31
20	24
22	29
10	15
59	147
67	90
16	40
56	59
11	24
63	98
68	104
8	11
34	78
32	55
28	71
14	23
53	70
61	77
54	61
9	28
41	50
40	194
27	39
24	100
43	87
50	61
13	21
13	36
4	7
69	75
29	66
35	72
34	36
43	65
18	20
20	44
35	105
25	47
57	147
43	129
36	129
12	27
11	18
41	60
13	20
37	96
34	37
38	60
66	195
58	60
39	66
92	94
19	48
17	46
14	18
55	57
14	41
68	528
24	49
51	64
17	22
31	54
6	10
12	24
13	21
10	12
7	20
26	96
13	40
13	20
21	26
13	17
7	16
17	30
21	23
10	15
29	40
24	34
31	52
29	92
17	26
30	44
33	36
127	190
16	34
47	49
55	124
9	16
15	21
29	38
16	38
13	23
59	156
79	174
37	47
25	38
12	14
34	37
21	63
56	64
46	76
15	17
35	42
11	13
61	94
29	44
27	61
14	22
13	48
12	14
34	69
17	22
8	10
80	99
17	22
12	14
12	16
31	49
33	77
33	54
13	18
16	19
15	31
9	31
10	17
17	26
47	199
15	27
8	12
44	46
47	102
23	37
107	152
22	28
12	24
29	37
71	106
12	25
19	39
17	20
124	177
9	21
12	14
53	156
15	43
42	135
104	236
24	71
28	77
11	13
40	48
29	50
17	24
62	152
33	64
26	44
26	35
34	59
59	70
34	49
16	33
33	45
26	34
24	26
20	41
7	11
113	201
92	150
29	31
33	61
6	16
5	11
16	18
12	23
9	27
8	18
13	24
33	39
19	67
42	72
26	39
15	26
21	39
32	90
13	15
11	32
35	116
13	15
72	95
23	48
13	19
16	18
42	49
63	161
26	28
41	144
14	24
20	25
18	81
82	96
22	68
13	16
18	47
26	49
68	107
27	33
37	61
16	29
11	25
13	33
28	33
9	21
44	46
33	47
50	62
44	95
20	36
16	25
14	19
15	20
28	69
17	30
45	47
45	183
23	25
11	15
60	84
44	60
76	80
34	99
90	178
4	7
26	42
47	197
51	140
10	28
11	15
16	30
13	29
29	118
74	248
55	79
21	36
39	57
11	21
70	108
29	43
29	38
15	20
10	18
100	191
11	13
75	87
12	14
20	41
13	28
34	58
27	42
21	100
83	132
44	78
73	100
9	11
31	42
37	231
24	31
17	39
13	28
51	56
40	89
56	143
18	20
39	87
86	145
10	22
98	244
42	66
12	16
32	41
15	28
19	21
56	88
21	35
30	69
77	122
10	12
16	21
19	33
16	32
8	10
34	60
27	72
47	61
52	69
39	59
25	27
14	17
35	47
16	100
29	51
19	27
64	68
18	68
99	137
22	24
60	99
63	186
61	72
22	49
17	31
29	47
15	19
9	24
30	45
62	118
44	95
16	19
54	60
68	75
14	18
19	37
17	29
35	43
65	75
9	12
39	68
34	38
20	45
9	12
20	68
7	12
27	29
53	124
14	19
9	25
17	36
17	23
32	35
31	69
14	16
19	32
26	46
37	59
15	17
64	102
108	257
21	67
9	13
43	52
36	38
95	97
14	37
96	160
23	59
23	50
22	33
13	54
11	14
20	37
9	20
15	42
10	33
18	22
23	49
15	22
31	46
14	17
16	43
39	42
22	39
61	111
12	20
7	15
6	11
76	110
11	22
84	501
21	43
38	95
14	16
11	18
42	83
41	58
84	91
35	105
18	54
15	36
34	51
18	47
60	72
39	62
19	33
43	54
19	44
43	53
37	64
71	156
60	172
77	753
7	12
11	15
110	170
15	18
44	79
30	73
21	24
16	18
15	45
41	124
17	32
30	48
17	24
26	61
13	15
17	33
81	116
29	31
23	77
31	35
13	26
31	98
14	18
91	126
15	38
12	16
26	40
32	147
24	26
26	38
17	46
11	18
17	28
15	17
95	145
24	33
22	29
33	42
17	76
14	26
74	88
32	56
18	32
57	146
18	48
34	42
31	37
8	22
20	50
24	30
27	64
10	16
21	25
20	37
15	19
36	67
45	76
48	65
14	45
24	35
22	65
73	189
49	65
75	115
19	21
21	142
74	110
25	45
15	44
17	19
12	20
53	75
34	37
34	65
89	493
20	74
53	67
18	35
39	60
15	25
21	38
5	13
36	113
29	62
60	114
17	30
14	27
11	34
9	18
20	29
11	26
7	12
41	45
7	16
32	41
62	91
22	35
27	67
10	20
27	88
64	209
21	27
45	53
35	70
8	13
40	114
39	55
10	14
113	247
20	40
8	14
34	51
34	37
16	18
24	41
13	15
40	42
6	13
29	38
21	60
22	62
20	49
79	81
44	64
44	169
17	27
89	195
98	120
28	44
8	17
11	39
61	151
60	84
61	64
13	34
14	18
19	23
32	113
16	36
19	44
48	104
18	20
21	55
58	196
17	59
25	43
41	56
29	31
10	12
18	24
17	45
20	31
34	39
22	53
43	113
19	79
60	118
67	72
13	59
76	78
16	28
24	33
46	48
17	26
38	48
7	18
14	26
16	48
73	81
31	80
75	98
8	13
26	31
42	59
40	72
4	10
39	41
18	44
16	20
14	28
70	140
27	37
31	148
10	19
17	25
23	25
22	24
12	23
38	65
6	12
7	12
9	19
25	29
114	135
7	17
35	77
40	47
15	35
84	88
32	101
25	49
11	28
17	30
42	68
38	75
33	62
77	109
17	33
25	93
23	42
21	38
20	46
12	29
32	46
36	50
28	39
16	23
29	31
15	39
18	50
14	50
8	18
19	44
4	6
14	25
14	24
46	137
36	38
21	31
18	21
25	89
4	8
17	35
56	85
3	6
33	37
22	45
67	69
14	26
16	54
20	22
11	23
71	219
87	161
41	58
32	147
14	17
13	42
12	18
11	16
55	216
27	29
7	9
15	37
52	135
28	66
12	14
21	50
16	18
15	20
31	33
15	21
33	50
72	143
27	31
7	9
47	67
45	52
34	69
16	40
24	61
5	8
20	53
17	24
85	240
25	40
45	52
58	147
12	21
37	152
19	39
9	13
68	75
49	268
24	32
8	17
24	54
70	210
26	57
17	24
10	28
6	8
37	134
25	70
15	39
25	29
31	33
57	71
12	18
45	148
47	114
6	9
102	238
96	126
28	31
25	42
16	21
19	30
44	52
48	70
14	36
16	18
14	18
20	31
11	13
